INDV	Sexlinked	277_hexp	Adaptive	556snps_hexp	Neutral	25230snps_hexp
pal_bal_124	0,086642599	0,614801444	0,042857143	0,062040816	0,128113027	0,134043742
pal_bal_113	0,992481203	0,617293233	0,02244898	0,05755102	0,126923077	0,134178686
pal_bal_165	0,138181818	0,615272727	0,032193159	0,061569416	0,124283596	0,134158952
pal_bal_171	0,992619926	0,615867159	0,034907598	0,057905544	0,126303592	0,133883406
pal_bal_102	0,973880597	0,616791045	0,034	0,06	0,132680783	0,134071115
pal_bal_023	0,162454874	0,614801444	0,036585366	0,06199187	0,123903728	0,1340515
pal_bal_159	0,191176471	0,615073529	0,04338843	0,06053719	0,121655384	0,134223888
pal_bal_181	0,97761194	0,616791045	0,033755274	0,058438819	0,122045036	0,134093277
pal_bal_017	0,135036496	0,613868613	0,043298969	0,062268041	0,127421938	0,134067254
pal_bal_085	0,122743682	0,614801444	0,037267081	0,061697723	0,125350645	0,134198926
pal_bal_168	0,116363636	0,615272727	0,047131148	0,061680328	0,125447308	0,134405533
pal_bal_138	0,141304348	0,615217391	0,039832285	0,062264151	0,124479834	0,134066901
pal_bal_033	0,992647059	0,616544118	0,026	0,057	0,129436659	0,134043997
pan_spaS_002	0,137681159	0,614855072	0,041493776	0,060580913	0,125391095	0,134091456
pal_bal_040	0,155234657	0,614801444	0,054279749	0,061586639	0,123141655	0,134113404
pal_bal_072	0,123188406	0,614855072	0,03131524	0,060542797	0,125626328	0,134196497
pal_bal_008	0,985239852	0,616605166	0,016293279	0,058452138	0,131399385	0,13388133
pal_bal_153	0,985074627	0,617164179	0,014613779	0,059498956	0,124361501	0,13431203
pal_bal_151	0,988888889	0,616666667	0,024742268	0,056701031	0,121578229	0,13419764
pal_bal_146	0,988847584	0,616356877	0,022869023	0,055509356	0,125947008	0,134116327
pal_bal_112	0,985185185	0,614444444	0,037422037	0,058004158	0,125871604	0,134243007
pal_bal_108	0,104693141	0,614801444	0,032586558	0,061507128	0,123739798	0,13406145
pal_bal_024	0,97761194	0,616791045	0,030425963	0,059026369	0,125060144	0,134202085
pal_bal_176	0,981549815	0,616236162	0,029166667	0,058333333	0,126247445	0,134066771
pal_bal_070	0,988888889	0,616666667	0,037113402	0,057731959	0,126636857	0,134022676
pal_bal_001	0,988764045	0,616479401	0,035196687	0,057142857	0,123271197	0,134026859
pal_bal_144	0,985294118	0,615808824	0,024193548	0,059879032	0,127339773	0,134101567
pal_bal_076	0,992619926	0,616236162	0,033613445	0,055882353	0,123992784	0,134235318
pal_bal_019	0,115523466	0,614801444	0,051587302	0,061706349	0,126975259	0,133974461
pal_bal_018	0,985294118	0,615808824	0,036585366	0,058739837	0,121953175	0,134084349
pal_bal_028	0,992647059	0,616176471	0,025263158	0,058736842	0,1181562	0,134279388
pal_bal_020	0,996296296	0,616296296	0,019067797	0,058050847	0,125351095	0,134162587
pal_bal_014	0,985074627	0,616791045	0,046315789	0,059157895	0,11743671	0,134202934
pal_bal_157	0,981273408	0,616479401	0,024539877	0,058282209	0,12098003	0,134168738
pal_bal_071	0,981343284	0,615671642	0,036324786	0,057264957	0,121180444	0,134195079
pal_bal_118	0,115942029	0,614492754	0,038854806	0,061145194	0,131179088	0,134238063
pal_bal_134	0,127737226	0,614963504	0,049800797	0,062549801	0,124408818	0,134068136
pal_bal_093	0,992647059	0,615808824	0,030425963	0,059837728	0,124409007	0,134045196
pal_bal_066	0,992673993	0,615384615	0,033195021	0,057676349	0,125655498	0,134021857
pal_bal_080	0,122743682	0,614801444	0,052083333	0,062083333	0,124203439	0,133998637
pal_bal_161	0,104693141	0,614801444	0,052208835	0,061445783	0,126532732	0,134049607
pal_bal_007	0,977695167	0,616728625	0,033333333	0,056458333	0,123395893	0,133995027
pal_bal_164	0,861313869	0,616058394	0,026694045	0,056262834	0,141531323	0,134198736
pal_bal_022	0,116363636	0,614909091	0,046315789	0,062105263	0,122565682	0,133990483
pal_bal_123	0,145985401	0,614963504	0,036511156	0,062271805	0,12496994	0,134092184
pal_bal_160	0,170909091	0,614909091	0,052083333	0,061458333	0,122323545	0,134166231
pal_bal_178	0,988721805	0,616541353	0,038934426	0,059631148	0,121106294	0,134071933
pal_bal_182	0,977859779	0,616236162	0,02244898	0,061632653	0,126336872	0,13403565
pal_bal_149	0,075812274	0,614801444	0,054325956	0,061569416	0,131788819	0,13389425
pal_bal_145	0,985130112	0,616728625	0,028747433	0,058726899	0,125585492	0,134136675
pal_bal_096	0,988636364	0,617045455	0,02892562	0,059090909	0,120533205	0,13400787
pal_bal_122	0,996282528	0,616356877	0,024590164	0,056352459	0,123845103	0,134184944
pal_bal_097	0,996296296	0,616666667	0,035416667	0,059375	0,128621598	0,133981164
pal_bal_152	0,988679245	0,617358491	0,024340771	0,057809331	0,128537074	0,134072144
pal_bal_180	0,974358974	0,615018315	0,032323232	0,058383838	0,127010872	0,134163758
pal_bal_173	0,985018727	0,617228464	0,028688525	0,056967213	0,123656345	0,13399647
pal_bal_009	0,988721805	0,617293233	0,034274194	0,059274194	0,128552531	0,134164429
pal_bal_107	0,119565217	0,614492754	0,041322314	0,061983471	0,126923077	0,1340625
pal_bal_117	0,985130112	0,616356877	0,008230453	0,060082305	0,124194517	0,134156494
pal_bal_104	0,992727273	0,615636364	0,020242915	0,057692308	0,131154736	0,134071503
pal_bal_175	0,992647059	0,615808824	0,029288703	0,058577406	0,126308192	0,134115241
pal_bal_154	0,981481481	0,616666667	0,032193159	0,059758551	0,122126379	0,13420662
pal_bal_132	0,101083032	0,614801444	0,42632613	0,062671906	0,087870642	0,133828191
pal_bal_015	0,076086957	0,614855072	0,035573123	0,061264822	0,129532852	0,133992899
pal_bal_012	0,974264706	0,615808824	0,024390244	0,059756098	0,127491794	0,133932431
pal_bal_174	0,970588235	0,616544118	0,022267206	0,056882591	0,120323112	0,134095567
pal_bal_098	0,152173913	0,614855072	0,037113402	0,061237113	0,121338912	0,134084326
pal_bal_137	0,156934307	0,615328467	0,034764826	0,06196319	0,122290273	0,13422113
pal_bal_158	0,144404332	0,614801444	0,03526971	0,061618257	0,121661362	0,13404101
pal_bal_136	0,111913357	0,614801444	0,049792531	0,060580913	0,124298091	0,134072678
pal_bal_163	0,213235294	0,615441176	0,025948104	0,061876248	0,125803859	0,13403135
pal_bal_133	0,387681159	0,614855072	0,732965009	0,060773481	0,156026679	0,133722407
pal_bal_172	0,163043478	0,614492754	0,022869023	0,061746362	0,124408438	0,134118072
pal_bal_067	0,148550725	0,613405797	0,037894737	0,062526316	0,122435872	0,134189715
pal_bal_156	0,974264706	0,616176471	0,018145161	0,060282258	0,133493014	0,133908184
pal_bal_119	0,115523466	0,614801444	0,046315789	0,060842105	0,12538067	0,134140087
pal_bal_179	0,981273408	0,616853933	0,028985507	0,057556936	0,1248148	0,134032755
pal_bal_103	0,985347985	0,616117216	0,014112903	0,059274194	0,124313049	0,134128926
pan_spaS_003	0,977777778	0,615925926	0,035714286	0,058823529	0,12853079	0,13398774
pal_bal_047	0,98490566	0,616981132	0,030800821	0,058110883	0,122892724	0,133936652
pan_spaS_026	0,992565056	0,616356877	0,026369168	0,057200811	0,122882883	0,134194194
pal_bal_148	0,97761194	0,617164179	0,024539877	0,060122699	0,13312323	0,134032792
pal_bal_010	0,142857143	0,614285714	0,030612245	0,062244898	0,121263259	0,134124879
pal_bal_111	0,140794224	0,614801444	0,029045643	0,061618257	0,122991224	0,134120146
pal_bal_016	0,981549815	0,616605166	0,033264033	0,055509356	0,130429575	0,134030661
pal_bal_147	0,981481481	0,614814815	0,029166667	0,0575	0,122670186	0,134013279
pal_bal_049	0,126353791	0,614801444	0,059304703	0,06196319	0,12311457	0,134222561
pal_bal_155	0,985239852	0,616605166	0,037656904	0,057740586	0,120636323	0,13412606
pal_bal_150	0,157509158	0,615384615	0,04048583	0,061336032	0,124049104	0,134340914
pal_bal_135	0,992592593	0,617037037	0,032786885	0,059631148	0,122555515	0,134116372
pal_bal_021	0,985185185	0,616296296	0,030927835	0,057938144	0,12303497	0,134199551
pal_bal_013	0,122743682	0,614801444	0,036585366	0,061788618	0,12461933	0,133955762
pan_spaS_050	0,127272727	0,614181818	0,047904192	0,061277445	0,123742334	0,134164429
pal_bal_063	0,126811594	0,614855072	0,044806517	0,062525458	0,124283596	0,134207046
pan_spaS_028	0,981617647	0,616176471	0,033542977	0,05870021	0,127559812	0,134076063
pal_bal_055	0,988847584	0,616728625	0,039256198	0,058471074	0,121499077	0,134030174
pal_bal_069	0,148550725	0,614855072	0,035856574	0,061553785	0,124849506	0,134212216
pal_bal_025	0,985074627	0,616791045	0,026859504	0,059297521	0,123183169	0,134148398
pal_bal_039	0,988764045	0,615355805	0,023157895	0,058315789	0,12027837	0,134277324
pal_bal_078	0,973584906	0,616981132	0,016494845	0,059587629	0,133362588	0,133980931
pal_bal_167	0,097472924	0,614801444	0,036217304	0,061569416	0,131695449	0,133904997
pal_bal_036	0,973977695	0,616356877	0,020449898	0,059509202	0,123519255	0,134068185
pan_spaS_012	0,977777778	0,617037037	0,034623218	0,060081466	0,125746583	0,134040165
pal_bal_030	0,144927536	0,614492754	0,040650407	0,061788618	0,116534226	0,134101085
pan_spaS_024	0,195652174	0,614492754	0,051546392	0,061443299	0,121441819	0,134198855
pan_spaS_041	0,988847584	0,616728625	0,020533881	0,060164271	0,126018381	0,134197536
pal_bal_073	0,126353791	0,614801444	0,057142857	0,061020408	0,125340163	0,133984312
pal_bal_099	0,985185185	0,616296296	0,033333333	0,057291667	0,123430039	0,134175996
pal_bal_177	0,162361624	0,615129151	0,044989775	0,062576687	0,116707666	0,134242045
pal_bal_038	0,992509363	0,616853933	0,020833333	0,057916667	0,119682565	0,13416049
pan_spaS_033	0,96350365	0,615328467	0,036960986	0,056057495	0,128979494	0,133938403
pan_spaS_001	0,981549815	0,616605166	0,018404908	0,059713701	0,128960179	0,133903918
pal_bal_115	0,152173913	0,614855072	0,042283298	0,060676533	0,124059999	0,134290425
pal_bal_082	0,970695971	0,616117216	0,035051546	0,059587629	0,121505463	0,134238432
pal_bal_075	0,981481481	0,616666667	0,029288703	0,059414226	0,124884589	0,134157601
pal_bal_037	0,152727273	0,614545455	0,048582996	0,061133603	0,123020169	0,134155339
pan_spaS_042	0,985294118	0,615808824	0,031779661	0,056567797	0,12025824	0,134176758
pal_bal_126	0,112727273	0,614909091	0,049484536	0,06185567	0,123868892	0,134240901
pal_bal_044	0,123188406	0,614855072	0,039014374	0,061806982	0,117945211	0,134060099
pal_bal_043	0,996254682	0,617602996	0,023157895	0,057684211	0,120448968	0,134251921
pal_bal_045	0,209558824	0,614705882	0,045548654	0,060869565	0,115148309	0,13427188
pan_spaS_025	0,988721805	0,616917293	0,025	0,056458333	0,122278796	0,134169907
pal_bal_004	0,978181818	0,615272727	0,042857143	0,058979592	0,130547573	0,134015805
pal_bal_143	0,985185185	0,615925926	0,014675052	0,057651992	0,127010737	0,134047819
pal_bal_128	0,192592593	0,614444444	0,047413793	0,062068966	0,12145914	0,134350927
pal_bal_087	0,164233577	0,613868613	0,039748954	0,061506276	0,119336928	0,134179609
pal_bal_129	0,996282528	0,61598513	0,033333333	0,059791667	0,119263103	0,134033225
pal_bal_068	0,137681159	0,614855072	0,042769857	0,061507128	0,122742233	0,134161516
pal_bal_090	0,149635036	0,61459854	0,051546392	0,061030928	0,125150373	0,134136659
pan_spaS_048	0,988326848	0,618287938	0,023655914	0,059784946	0,114948282	0,134092426
pan_spaS_009	0,137681159	0,614855072	0,032653061	0,061632653	0,125746583	0,134156412
pal_bal_141	0,18115942	0,614855072	0,043209877	0,061934156	0,121388443	0,13402488
pal_bal_170	0,173285199	0,614801444	0,040567951	0,061257606	0,120709151	0,134524675
pal_bal_026	0,187725632	0,614801444	0,034907598	0,061806982	0,123927512	0,134091091
pal_bal_114	0,104693141	0,614801444	0,051896208	0,061277445	0,125169579	0,134095443
pal_bal_106	0,985454545	0,614909091	0,026694045	0,056673511	0,131207089	0,134025228
pal_bal_139	0,139705882	0,614705882	0,048832272	0,061571125	0,121408599	0,134311302
pan_spaS_029	0,992592593	0,616296296	0,010351967	0,059213251	0,124969882	0,134294434
pal_bal_058	0,985294118	0,615441176	0,044210526	0,057263158	0,118173353	0,134241529
pal_bal_116	0,122743682	0,614801444	0,042596349	0,059837728	0,122192814	0,134195541
pal_bal_065	0,144927536	0,614492754	0,036809816	0,06196319	0,125567019	0,134169644
pal_bal_089	0,19133574	0,614801444	0,039748954	0,060878661	0,120893244	0,134151337
pan_spaS_005	0,119133574	0,614801444	0,043032787	0,061885246	0,123705963	0,134146537
pal_bal_046	0,992481203	0,617293233	0,030864198	0,058641975	0,119900318	0,134113107
pal_bal_166	0,981549815	0,615867159	0,030120482	0,06124498	0,12136917	0,134172994
pal_bal_105	0,981203008	0,616917293	0,024896266	0,059543568	0,123876765	0,134001926
pal_bal_120	0,985239852	0,61697417	0,034693878	0,05877551	0,130726257	0,133898643
pal_bal_140	0,097472924	0,614801444	0,04989605	0,061746362	0,126807831	0,134047143
pan_spaS_004	0,119565217	0,614855072	0,046	0,061	0,124342132	0,134020329
pal_bal_077	0,14801444	0,614801444	0,04	0,062105263	0,122541543	0,134133419
pan_spaS_035	0,988847584	0,616356877	0,025	0,059583333	0,120609088	0,134128263
pal_bal_050	0,133574007	0,614801444	0,042857143	0,062244898	0,123063338	0,134121378
pan_spaS_014	0,122743682	0,614801444	0,048879837	0,061507128	0,125240231	0,134172806
pal_bal_053	0,166666667	0,614855072	0,042857143	0,061632653	0,124357945	0,134233547
pal_bal_169	0,15942029	0,614855072	0,051124744	0,060940695	0,123102257	0,134103141
pal_bal_094	0,177536232	0,614855072	0,044354839	0,061895161	0,115102698	0,134377769
pal_bal_127	0,896946565	0,616412214	0,033264033	0,059251559	0,132139128	0,134255764
pal_bal_130	0,98880597	0,617537313	0,024793388	0,058264463	0,128440733	0,134089729
pal_bal_061	0,996309963	0,616236162	0,035714286	0,057539683	0,126692495	0,134037624
pal_bal_057	0,970588235	0,615441176	0,014644351	0,059832636	0,121908056	0,134203435
pan_spaS_031	0,977777778	0,615925926	0,033057851	0,055578512	0,125115254	0,13412708
pan_spaS_022	0,204379562	0,614963504	0,025263158	0,061473684	0,11871593	0,134463961
pal_bal_086	0,173285199	0,614801444	0,018404908	0,061758691	0,120407917	0,134126952
pan_spaS_010	0,101818182	0,615272727	0,052083333	0,0625	0,121146173	0,134256237
pal_bal_084	0,996376812	0,614855072	0,044210526	0,059157895	0,123129988	0,134027193
pal_bal_006	0,985294118	0,616176471	0,030241935	0,058064516	0,12266956	0,134112825
pal_bal_056	0,126353791	0,614801444	0,042105263	0,061894737	0,125491455	0,134028725
pal_bal_074	0,974452555	0,615328467	0,017964072	0,060479042	0,133713738	0,133993057
pal_bal_029	0,988888889	0,615925926	0,050301811	0,057545272	0,131710237	0,13397725
pal_bal_079	0,25	0,613602941	0,045081967	0,062090164	0,118650218	0,134196097
pal_bal_121	0,153846154	0,615384615	0,051652893	0,060950413	0,123533665	0,134264021
pal_bal_064	0,194945848	0,614801444	0,042769857	0,060488798	0,120613507	0,134080141
pal_bal_109	0,996323529	0,615808824	0,034623218	0,058248473	0,129317269	0,13426506
pan_spaS_040	0,962962963	0,616666667	0,032520325	0,057113821	0,12668031	0,134051603
pal_bal_101	0,981481481	0,616296296	0,012345679	0,058641975	0,125781877	0,134061748
pal_bal_162	0,142857143	0,615384615	0,045174538	0,061190965	0,119394574	0,134192094
pal_bal_027	0,108695652	0,614855072	0,047034765	0,061349693	0,120303164	0,134089907
pal_bal_054	0,981751825	0,615328467	0,032653061	0,060204082	0,126098295	0,134038114
pal_bal_100	0,992673993	0,615750916	0,02892562	0,059504132	0,129067029	0,133893569
pal_bal_002	0,984848485	0,617424242	0,030549898	0,059674134	0,129727142	0,134067337
pal_bal_005	0,119565217	0,615217391	0,053941909	0,061410788	0,120711154	0,134250432
pal_bal_095	0,174545455	0,614909091	0,051759834	0,062318841	0,12207102	0,134149287
pan_spaS_030	0,981481481	0,615925926	0,024439919	0,060488798	0,126589897	0,134233439
pan_spaS_021	0,109090909	0,614909091	0,044715447	0,06199187	0,124745519	0,134058521
pan_spaS_018	0,097472924	0,614801444	0,042510121	0,061538462	0,131997761	0,134177063
pan_spaS_038	0,163636364	0,614909091	0,04338843	0,061157025	0,123350499	0,134233183
pan_spaS_049	0,977777778	0,615555556	0,031847134	0,059235669	0,118838595	0,134234053
pan_spaS_016	0,197080292	0,61459854	0,056603774	0,062054507	0,11607179	0,134481222
pal_bal_092	0,200729927	0,615328467	0,038135593	0,0625	0,118746453	0,134180654
pal_medit_007	0,988505747	0,617241379	0,032327586	0,058836207	0,110723663	0,134456022
pan_fra_006	0,992424242	0,615530303	0,04338843	0,057438017	0,115595738	0,13420649
pan_spaS_043	0,083333333	0,614492754	0,040816327	0,061428571	0,132838679	0,13400351
pal_bal_088	0,981549815	0,616605166	0,032989691	0,05814433	0,131699725	0,134082292
pal_bal_051	0,966911765	0,615808824	0,027310924	0,060084034	0,122387217	0,134351545
pan_spaS_019	0,187725632	0,614801444	0,034979424	0,061728395	0,118612038	0,134204495
pan_spaS_036	0,137681159	0,615217391	0,03877551	0,062244898	0,123649653	0,134070921
pal_bal_031	0,97761194	0,616791045	0,031185031	0,056548857	0,120262332	0,134175585
pal_spaAL_001	0,985185185	0,616666667	0,016427105	0,059137577	0,121085259	0,134361163
pan_fra_007	0,197802198	0,615384615	0,034412955	0,061740891	0,115467087	0,134263867
pan_spaS_015	0,083032491	0,614801444	0,036363636	0,060808081	0,132103351	0,134004233
pan_spaS_044	0,974452555	0,615693431	0,032258065	0,059475806	0,125455055	0,13400008
pal_bal_083	0,992481203	0,616917293	0,014675052	0,058071279	0,121949255	0,13414418
pan_spaS_046	0,221014493	0,614492754	0,050916497	0,061099796	0,11573514	0,134212436
pal_bal_032	0,176895307	0,614801444	0,046121593	0,061006289	0,121102248	0,134296189
pal_medit_001	0,238970588	0,6125	0,05625	0,061458333	0,113946612	0,134293353
pal_spaAL_002	0,254612546	0,614760148	0,027777778	0,061965812	0,113263175	0,134437574
pan_fra_008	0,259124088	0,614963504	0,039832285	0,061844864	0,114915915	0,134340726
pal_bal_110	0,111913357	0,614801444	0,034482759	0,061460446	0,131181593	0,134125589
pal_bal_081	0,923076923	0,616117216	0,032520325	0,058536585	0,132110823	0,133880805
pan_spaS_034	0,220216606	0,614801444	0,048016701	0,061377871	0,119180633	0,134462797
pal_bal_059	0,142335766	0,612408759	0,047325103	0,061728395	0,117421645	0,134246299
pan_spaS_020	0,152727273	0,615636364	0,033542977	0,061006289	0,120461514	0,134278683
pal_medit_002	0,992366412	0,617938931	0,012448133	0,058298755	0,119917215	0,134461489
pal_spaAL_003	0,183150183	0,615384615	0,026530612	0,06244898	0,143620899	0,134216282
pan_fra_009	0,988636364	0,614393939	0,035639413	0,058280922	0,112964398	0,134374618
pan_spaS_013	0,079422383	0,614801444	0,052525253	0,061414141	0,130314898	0,134011349
pal_bal_062	0,105072464	0,614855072	0,038306452	0,06108871	0,126819127	0,134039661
pan_spaS_052	0,985294118	0,616176471	0,028629857	0,059509202	0,118438545	0,134270636
pan_spaS_027	0,977941176	0,616176471	0,022587269	0,057494867	0,119556898	0,134304129
pan_spaS_032	0,978021978	0,615750916	0,021008403	0,058193277	0,122155544	0,134205969
pal_medit_003	0,984732824	0,614885496	0,031185031	0,058212058	0,110819565	0,134586528
pal_spaAL_004	0,988188976	0,617322835	0,024229075	0,05814978	0,109335091	0,13434127
pan_spaS_039	0,108303249	0,614801444	0,041067762	0,061190965	0,12720016	0,133921373
pan_spaS_006	0,126353791	0,614801444	0,020242915	0,061740891	0,13201149	0,133910476
pan_spaS_037	0,988847584	0,616728625	0,037113402	0,057938144	0,118949102	0,134262644
pal_bal_052	0,184501845	0,614391144	0,029227557	0,060542797	0,117654216	0,134245853
pal_bal_091	0,180811808	0,615498155	0,006479482	0,061555076	0,116006467	0,134312854
pal_medit_004	0,992537313	0,617164179	0,016913319	0,059408034	0,120481443	0,134260527
pal_spaAL_005	0,238095238	0,614285714	0,037656904	0,060878661	0,118373275	0,134325829
pan_spaS_051	0,985347985	0,616117216	0,024640657	0,056468172	0,127272001	0,133995126
pan_spaS_045	0,97826087	0,614855072	0,029106029	0,06049896	0,126358696	0,134051311
pan_spaS_011	0,18115942	0,614492754	0,051975052	0,061746362	0,119448142	0,134293437
pal_bal_042	0,985130112	0,616356877	0,026315789	0,058704453	0,117834395	0,134302185
pal_bal_041	0,15942029	0,614855072	0,039014374	0,060985626	0,125413206	0,134277997
pal_medit_005	0,200729927	0,614963504	0,041067762	0,061396304	0,118585354	0,134351084
pal_spaAL_006	0,214545455	0,614909091	0,030425963	0,062271805	0,120365893	0,134272244
pan_spaS_007	0,977941176	0,616176471	0,030612245	0,058979592	0,132094285	0,133829219
pan_spaS_008	0,98540146	0,615328467	0,02484472	0,059834369	0,127185629	0,133908184
pan_spaS_017	0,141818182	0,614909091	0,053278689	0,061680328	0,122428439	0,134248561
pan_spaS_047	0,130909091	0,613818182	0,041407867	0,061283644	0,122409561	0,134207879
pal_bal_003	0,163043478	0,614855072	0,024590164	0,062295082	0,121757693	0,134255679
pal_medit_006	0,992366412	0,617938931	0,030800821	0,057289528	0,118765133	0,134233253
pan_fra_005	0,984375	0,616796875	0,014198783	0,060851927	0,11470624	0,134529457