Output from NeEstimator v2.1
Starting time: Tue Oct 18 23:18:37 2022
Input File: "25230snps-79ind.txt"

Number of Loci = 25230

Non-polymorphic loci:    23,    46,    68,    95,   102,   103,   107,   139,
          189,   268,   269,   316,   380,   423,   439,   450,   495,   513,
          550,   616,   623,   637,   646,   665,   670,   701,   734,   746,
          904,   983,  1003,  1021,  1092,  1122,  1183,  1204,  1219,  1220,
         1253,  1272,  1295,  1418,  1430,  1468,  1471,  1472,  1480,  1558,
         1568,  1615,  1636,  1639,  1663,  1696,  1701,  1791,  1810,  1822,
         1825,  1854,  1868,  1876,  1887,  1890,  1907,  1968,  1970,  2052,
         2083,  2137,  2140,  2180,  2220,  2223,  2237,  2242,  2285,  2368,
         2371,  2374,  2403,  2409,  2460,  2465,  2516,  2578,  2680,  2694,
         2734,  2882,  2915,  2920,  2923,  2968,  3009,  3045,  3168,  3175,
         3244,  3312,  3324,  3334,  3354,  3417,  3432,  3439,  3459,  3478,
         3480,  3482,  3485,  3507,  3508,  3665,  3676,  3692,  3709,  3760,
         3771,  3782,  3786,  3811,  3832,  3884,  3899,  3928,  3969,  3995,
         4094,  4107,  4114,  4129,  4137,  4179,  4245,  4252,  4253,  4292,
         4320,  4375,  4385,  4386,  4388,  4404,  4444,  4454,  4553,  4559,
         4594,  4621,  4646,  4680,  4710,  4729,  4760,  4819,  4822,  4862,
         4889,  4891,  4893,  4948,  4963,  4979,  5011,  5025,  5039,  5042,
         5062,  5068,  5126,  5171,  5250,  5375,  5380,  5404,  5432,  5466,
         5493,  5511,  5643,  5676,  5704,  5773,  5785,  5788,  5794,  5817,
         5832,  5843,  5881,  6009,  6016,  6027,  6044,  6077,  6090,  6128,
         6167,  6214,  6219,  6232,  6261,  6279,  6286,  6306,  6322,  6353,
         6360,  6416,  6437,  6457,  6540,  6574,  6576,  6582,  6693,  6814,
         6829,  6844,  6872,  6887,  6954,  6957,  6980,  6995,  7051,  7087,
         7103,  7177,  7207,  7246,  7265,  7291,  7354,  7364,  7374,  7389,
         7467,  7522,  7537,  7603,  7750,  7800,  7844,  7904,  7909,  7918,
         7923,  7938,  7985,  8028,  8039,  8084,  8104,  8123,  8154,  8229,
         8230,  8231,  8249,  8276,  8303,  8360,  8368,  8438,  8441,  8487,
         8520,  8616,  8645,  8725,  8771,  8801,  8819,  8858,  8902,  9001,
         9079,  9133,  9207,  9280,  9299,  9304,  9363,  9383,  9384,  9392,
         9427,  9461,  9546,  9558,  9563,  9666,  9701,  9720,  9721,  9876,
         9929,  9981, 10009, 10010, 10018, 10042, 10052, 10105, 10115, 10129,
        10133, 10223, 10293, 10327, 10391, 10412, 10441, 10450, 10483, 10499,
        10536, 10589, 10612, 10654, 10663, 10675, 10711, 10733, 10734, 10738,
        10753, 10761, 10762, 10783, 10790, 10793, 10804, 10824, 10852, 10891,
        10946, 11006, 11049, 11063, 11070, 11115, 11153, 11181, 11272, 11293,
        11329, 11340, 11352, 11357, 11385, 11411, 11425, 11460, 11490, 11492,
        11496, 11614, 11657, 11661, 11703, 11782, 11791, 11846, 11938, 11956,
        11978, 12028, 12049, 12050, 12087, 12134, 12146, 12150, 12167, 12178,
        12229, 12285, 12342, 12352, 12398, 12437, 12453, 12466, 12478, 12483,
        12656, 12735, 12752, 12789, 12805, 12813, 12828, 12847, 12917, 12927,
        12939, 12952, 12998, 13017, 13018, 13028, 13045, 13052, 13116, 13124,
        13187, 13198, 13250, 13281, 13308, 13316, 13327, 13377, 13456, 13495,
        13501, 13603, 13728, 13766, 13773, 13806, 13807, 13809, 13834, 13878,
        13893, 13925, 13941, 14039, 14097, 14145, 14305, 14371, 14434, 14490,
        14511, 14579, 14592, 14634, 14663, 14705, 14709, 14728, 14793, 14823,
        14855, 14883, 14932, 15020, 15068, 15109, 15143, 15166, 15172, 15174,
        15176, 15198, 15217, 15268, 15278, 15284, 15295, 15312, 15320, 15386,
        15417, 15443, 15498, 15501, 15595, 15649, 15673, 15677, 15721, 15749,
        15761, 15785, 15790, 15797, 15806, 15850, 15881, 15883, 15892, 15932,
        15942, 15959, 16010, 16031, 16173, 16184, 16188, 16212, 16221, 16290,
        16336, 16396, 16399, 16407, 16439, 16497, 16558, 16567, 16568, 16645,
        16650, 16665, 16673, 16674, 16688, 16714, 16744, 16756, 16817, 16836,
        16853, 16879, 16892, 16947, 16964, 16971, 17134, 17197, 17201, 17262,
        17270, 17371, 17373, 17412, 17430, 17521, 17523, 17568, 17621, 17643,
        17663, 17674, 17712, 17768, 17818, 17832, 17840, 17865, 17952, 17968,
        17998, 18002, 18032, 18101, 18109, 18158, 18174, 18187, 18188, 18213,
        18260, 18274, 18284, 18301, 18304, 18308, 18327, 18405, 18414, 18518,
        18520, 18535, 18541, 18572, 18574, 18653, 18690, 18793, 18797, 18807,
        18871, 18907, 18913, 18949, 18962, 19010, 19015, 19119, 19121, 19147,
        19168, 19192, 19222, 19234, 19242, 19278, 19342, 19414, 19504, 19507,
        19532, 19562, 19572, 19582, 19651, 19681, 19684, 19722, 19752, 19777,
        19782, 19881, 19915, 19976, 20005, 20012, 20017, 20035, 20043, 20060,
        20080, 20093, 20140, 20159, 20176, 20212, 20220, 20221, 20274, 20281,
        20291, 20305, 20329, 20399, 20407, 20434, 20469, 20480, 20483, 20511,
        20514, 20550, 20573, 20585, 20684, 20688, 20705, 20753, 20756, 20766,
        20781, 20783, 20835, 20837, 20853, 20858, 20954, 20967, 20994, 20999,
        21017, 21056, 21113, 21127, 21135, 21163, 21165, 21199, 21227, 21233,
        21247, 21252, 21267, 21275, 21283, 21312, 21333, 21349, 21390, 21392,
        21393, 21406, 21410, 21443, 21445, 21461, 21561, 21569, 21606, 21631,
        21687, 21692, 21719, 21730, 21740, 21751, 21759, 21762, 21811, 21827,
        21835, 21836, 21838, 21885, 21898, 21921, 21949, 21963, 21992, 22007,
        22041, 22050, 22053, 22057, 22061, 22081, 22090, 22098, 22115, 22127,
        22131, 22141, 22187, 22190, 22199, 22220, 22256, 22318, 22345, 22351,
        22364, 22386, 22429, 22454, 22490, 22495, 22512, 22521, 22572, 22579,
        22584, 22602, 22645, 22659, 22696, 22772, 22786, 22803, 22822, 22823,
        22828, 22834, 22861, 22871, 22921, 22939, 23002, 23009, 23011, 23030,
        23061, 23098, 23103, 23128, 23260, 23281, 23338, 23339, 23346, 23362,
        23370, 23398, 23444, 23502, 23503, 23511, 23526, 23542, 23565, 23584,
        23606, 23643, 23687, 23713, 23722, 23775, 23794, 23801, 23810, 23814,
        23821, 23841, 23877, 23908, 23914, 23948, 23970, 24021, 24045, 24106,
        24133, 24136, 24179, 24191, 24225, 24250, 24259, 24338, 24353, 24389,
        24394, 24423, 24432, 24442, 24445, 24473, 24515, 24537, 24582, 24589,
        24620, 24698, 24734, 24761, 24769, 24846, 24847, 24886, 24908, 24909,
        24911, 24948, 24961, 24972, 24976, 24984, 25074, 25149, 25166
Total non-polymorphic = 837

LD mating model: Random

Population     1 [pal_bal_124]  (Number of Individuals = 81)
****************
--------------------------------------------------------------------------
Lowest Allele Frequency Used     0.050       0.020       0.010         0+
--------------------------------------------------------------------------

LINKAGE DISEQUILIBRIUM METHOD

Harmonic Mean Sample Size =       79.5        79.1        79.0        78.9
Independent Comparisons =   50164477   141092521   246285134   296706225
OverAll r^2 =                 0.013110    0.013208    0.013270    0.013301
Expected r^2 Sample =         0.013070    0.013124    0.013144    0.013162
Estimated Ne^ =                 8313.3      3952.6      2638.8      2381.8

95% CIs for Ne^
* Parametric                    7369.5      3813.1      2590.6      2345.8
                                9532.9      4102.8      2688.8      2418.8

* JackKnife on Samples          3872.0      1774.2      1211.1      1085.9
                              Infinite    Infinite    Infinite    Infinite


HETEROZYGOTE EXCESS METHOD

Harmonic Mean Sample Size =       80.2        80.0        80.0        79.9 
Independent Alleles =          10047       16871       22269       24393  
Weighted Mean D =             -0.07500    -0.08514    -0.08878    -0.08107
Estimated Neb^  =             Infinite    Infinite    Infinite    Infinite

95% CIs for Nb:
* Parametric                  Infinite    Infinite    Infinite    Infinite
                              Infinite    Infinite    Infinite    Infinite
**************************************************************************

Ending time: Wed Oct 19 01:13:09 2022
-------------------------------------

