Output from NeEstimator v2.1
Starting time: Tue Oct 18 17:30:21 2022
Input File: "25230snps-101ind.txt"

Number of Loci = 25230

Non-polymorphic loci:    93,   142,   159,   192,   259,   290,   299,   348,
          485,   506,   510,   632,   683,   739,   743,  1011,  1101,  1232,
         1240,  1269,  1290,  1362,  1409,  1450,  1618,  1751,  1760,  1905,
         2114,  2151,  2293,  2436,  2545,  2632,  2672,  2696,  2781,  2866,
         2874,  3014,  3132,  3151,  3161,  3211,  3268,  3358,  3521,  3539,
         3552,  3618,  3830,  3933,  3977,  4024,  4084,  4223,  4374,  4383,
         4463,  4494,  4521,  4525,  4564,  4650,  4755,  4808,  4838,  4886,
         4894,  4903,  5026,  5043,  5082,  5117,  5144,  5206,  5292,  5354,
         5378,  5458,  5529,  5536,  5627,  5662,  5771,  5831,  5870,  5910,
         5916,  5945,  6029,  6039,  6043,  6144,  6192,  6204,  6219,  6240,
         6483,  6555,  6594,  6603,  6698,  6752,  6762,  7120,  7144,  7183,
         7189,  7238,  7289,  7323,  7353,  7397,  7401,  7453,  7610,  7697,
         7714,  7745,  7784,  8057,  8083,  8127,  8133,  8176,  8204,  8343,
         8371,  8376,  8411,  8526,  8575,  8624,  8787,  8801,  8961,  8968,
         8975,  9039,  9134,  9152,  9381,  9388,  9401,  9430,  9466,  9524,
         9637,  9661,  9716,  9730,  9768,  9771,  9893,  9918, 10087, 10240,
        10386, 10432, 10464, 10561, 10691, 10743, 10748, 10844, 10930, 10935,
        10979, 11098, 11172, 11296, 11311, 11439, 11467, 11474, 11530, 11540,
        11590, 11677, 11768, 11814, 11885, 11903, 11932, 12037, 12165, 12191,
        12206, 12226, 12231, 12238, 12256, 12388, 12437, 12531, 12582, 12586,
        12800, 12808, 12826, 12831, 12944, 13037, 13049, 13087, 13223, 13229,
        13403, 13545, 13578, 13684, 13710, 13829, 13966, 13967, 13977, 14217,
        14358, 14367, 14500, 14713, 14762, 14797, 15084, 15161, 15228, 15304,
        15402, 15497, 15510, 15516, 15575, 15619, 15737, 15849, 15887, 15904,
        15909, 15939, 15945, 16042, 16118, 16126, 16187, 16360, 16541, 16584,
        16654, 16684, 16706, 16718, 16739, 16760, 16793, 16917, 17015, 17075,
        17175, 17195, 17202, 17262, 17299, 17348, 17370, 17392, 17460, 17463,
        17466, 17507, 17562, 17585, 17591, 17614, 17616, 17711, 17756, 17903,
        17955, 18207, 18212, 18326, 18333, 18342, 18425, 18558, 18575, 18585,
        18614, 18638, 18665, 18687, 18701, 18730, 18745, 18757, 18762, 18808,
        18837, 18898, 19004, 19062, 19067, 19070, 19126, 19203, 19214, 19256,
        19277, 19279, 19313, 19316, 19367, 19417, 19441, 19489, 19505, 19517,
        19547, 19573, 19579, 19596, 19685, 19986, 20007, 20054, 20175, 20194,
        20216, 20373, 20425, 20692, 20823, 20833, 20878, 20912, 21030, 21061,
        21112, 21119, 21129, 21132, 21180, 21432, 21463, 21533, 21619, 21633,
        21639, 21663, 21721, 21778, 21794, 21888, 21906, 21986, 22133, 22152,
        22192, 22251, 22315, 22320, 22342, 22445, 22465, 22543, 22550, 22591,
        22607, 22746, 22767, 22775, 22852, 22942, 22958, 22959, 22963, 23067,
        23100, 23136, 23167, 23189, 23233, 23237, 23251, 23266, 23295, 23334,
        23442, 23458, 23507, 23511, 23519, 23608, 23610, 23651, 23675, 23683,
        23710, 23765, 23887, 23922, 23943, 23961, 24005, 24184, 24214, 24294,
        24323, 24446, 24644, 24666, 24717, 24774, 24870, 24871, 24893, 24987,
        24997, 25108, 25114, 25156
Total non-polymorphic = 422

LD mating model: Random

Population     1 [pal_bal_113]  (Number of Individuals = 101)
****************
--------------------------------------------------------------------------
Lowest Allele Frequency Used     0.050       0.020       0.010         0+
--------------------------------------------------------------------------

LINKAGE DISEQUILIBRIUM METHOD

Harmonic Mean Sample Size =       99.3        98.8        98.5        98.5
Independent Comparisons =   51245383   155841671   250989236   307254160
OverAll r^2 =                 0.010398    0.010434    0.010453    0.010451
Expected r^2 Sample =         0.010386    0.010437    0.010459    0.010457
Estimated Ne^ =                29400.8    Infinite    Infinite    Infinite

95% CIs for Ne^
* Parametric                   21694.9    Infinite    Infinite    Infinite
                               45586.3    Infinite    Infinite    Infinite

* JackKnife on Samples         10937.3     20032.3     26268.8     27394.9
                              Infinite    Infinite    Infinite    Infinite


HETEROZYGOTE EXCESS METHOD

Harmonic Mean Sample Size =      100.1        99.9        99.7        99.7 
Independent Alleles =          10153       17707       22439       24808  
Weighted Mean D =             -0.07033    -0.08184    -0.08438    -0.07798
Estimated Neb^  =             Infinite    Infinite    Infinite    Infinite

95% CIs for Nb:
* Parametric                  Infinite    Infinite    Infinite    Infinite
                              Infinite    Infinite    Infinite    Infinite
**************************************************************************

Ending time: Tue Oct 18 23:17:25 2022
-------------------------------------

