labels	salinity_surface_whole_yr_max	salinity_surface_whole_yr_mean	salinity_surface_whole_yr_min	salinity_water_column_whole_yr_max	salinity_water_column_whole_yr_mean	salinity_water_column_whole_yr_min	salinity_surface_repro_max	salinity_surface_repro_mean	salinity_surface_repro_min	salinity_water_column_repro_max	salinity_water_column_repro_mean	salinity_water_column_repro_min	sst_whole_yr_max	sst_whole_yr_mean	sst_whole_yr_min	sst_repro_max	sst_repro_mean	sst_repro_min	chlo_surface_max	chlo_surface_mean	chlo_surface_min	chlo_benthic_max	chlo_benthic_mean	chlo_benthic_min	IND	LAT	LON
pal_bal_001	38.2514381408691	37.4577394573168	36.7478942871094	38.3381958007812	37.5861343758925	36.64306640625	38.2514381408691	37.3602856822397	36.7478942871094	38.3381958007812	37.7009686327529	36.9042129516602	28.8663082122803	19.2957554548636	13.0614423751831	28.8663082122803	23.340714498498	17.0903453826904	0.155689	0.060612	0.028796	0.453321	0.247934	0.068321	pal_bal_124	42.0607666700	3.2138333300
pal_bal_002	38.2514381408691	37.4577394573168	36.7478942871094	38.3381958007812	37.5861343758925	36.64306640625	38.2514381408691	37.3602856822397	36.7478942871094	38.3381958007812	37.7009686327529	36.9042129516602	28.8663082122803	19.2957554548636	13.0614423751831	28.8663082122803	23.340714498498	17.0903453826904	0.155689	0.060612	0.028796	0.453321	0.247934	0.068321	pal_bal_113	42.3551800000	3.2608860000
pal_bal_003	38.2514381408691	37.4577394573168	36.7478942871094	38.3381958007812	37.5861343758925	36.64306640625	38.2514381408691	37.3602856822397	36.7478942871094	38.3381958007812	37.7009686327529	36.9042129516602	28.8663082122803	19.2957554548636	13.0614423751831	28.8663082122803	23.340714498498	17.0903453826904	0.155689	0.060612	0.028796	0.453321	0.247934	0.068321	pal_bal_165	40.1270000000	3.9921670000
pal_bal_004	38.2724571228027	37.4453049144526	36.7498588562012	38.3281936645508	37.5538029752929	36.6395378112793	38.2724571228027	37.3570071034048	36.7498588562012	38.3281936645508	37.659595533349	36.9269828796387	28.857795715332	19.3293820551072	13.0603847503662	28.857795715332	23.3747571419025	17.1171627044678	0.171765	0.061865	0.028689	0.443332	0.163255	0.037736	pal_bal_171	40.0865670000	3.9801500000
pal_bal_005	38.2724571228027	37.4453049144526	36.7498588562012	38.3281936645508	37.5538029752929	36.6395378112793	38.2724571228027	37.3570071034048	36.7498588562012	38.3281936645508	37.659595533349	36.9269828796387	28.857795715332	19.3293820551072	13.0603847503662	28.857795715332	23.3747571419025	17.1171627044678	0.171765	0.061865	0.028689	0.443332	0.163255	0.037736	pal_bal_102	40.0952500000	4.1815500000
pal_bal_006	38.3238334655762	37.4829958553972	36.7477340698242	38.3464012145996	37.6282017631092	36.6280479431152	38.3238334655762	37.3994813239437	36.7477340698242	38.3464012145996	37.7765360280472	36.8997955322266	28.7976722717285	19.2905747040935	12.977331161499	28.7976722717285	23.3534768970533	17.1962547302246	0.13584	0.057617	0.029104	0.446186	0.158953	0.037342	pal_bal_023	39.8566166700	0.6756000000
pal_bal_007	38.3238334655762	37.4829958553972	36.7477340698242	38.3464012145996	37.6282017631092	36.6280479431152	38.3238334655762	37.3994813239437	36.7477340698242	38.3464012145996	37.7765360280472	36.8997955322266	28.7976722717285	19.2905747040935	12.977331161499	28.7976722717285	23.3534768970533	17.1962547302246	0.133349	0.05787	0.029123	0.317162	0.090262	0.029236	pal_bal_159	40.1270000000	3.9921670000
pal_bal_008	38.3238334655762	37.4829958553972	36.7477340698242	38.3464012145996	37.6282017631092	36.6280479431152	38.3238334655762	37.3994813239437	36.7477340698242	38.3464012145996	37.7765360280472	36.8997955322266	28.7976722717285	19.2905747040935	12.977331161499	28.7976722717285	23.3534768970533	17.1962547302246	0.133349	0.05787	0.029123	0.317162	0.090262	0.029236	pal_bal_181	39.8236000000	3.5370170000
pal_bal_009	38.3238334655762	37.4829958553972	36.7477340698242	38.3464012145996	37.6282017631092	36.6280479431152	38.3238334655762	37.3994813239437	36.7477340698242	38.3464012145996	37.7765360280472	36.8997955322266	28.7976722717285	19.2905747040935	12.977331161499	28.7976722717285	23.3534768970533	17.1962547302246	0.133349	0.05787	0.029123	0.317162	0.090262	0.029236	pal_bal_017	39.8807000000	0.6738333300
pal_bal_010	38.3238334655762	37.4829958553972	36.7477340698242	38.3464012145996	37.6282017631092	36.6280479431152	38.3238334655762	37.3994813239437	36.7477340698242	38.3464012145996	37.7765360280472	36.8997955322266	28.7976722717285	19.2905747040935	12.977331161499	28.7976722717285	23.3534768970533	17.1962547302246	0.133349	0.05787	0.029123	0.317162	0.090262	0.029236	pal_bal_085	39.7291166700	3.4657166700
pal_bal_012	38.5719718933105	37.6021824869616	36.655200958252	38.6189765930176	37.759561942455	36.6540489196777	38.5719718933105	37.4885299287993	36.655200958252	38.3795928955078	37.8968560931326	37.1678276062012	28.6961879730225	19.0645269662484	12.4015254974365	28.6961879730225	23.1631930230678	16.1006641387939	0.298573	0.08363	0.040954	0.470461	0.327546	0.134808	pal_bal_168	40.1238330000	3.9812830000
pal_bal_013	38.5719718933105	37.6021824869616	36.655200958252	38.6189765930176	37.759561942455	36.6540489196777	38.5719718933105	37.4885299287993	36.655200958252	38.3795928955078	37.8968560931326	37.1678276062012	28.6961879730225	19.0645269662484	12.4015254974365	28.6961879730225	23.1631930230678	16.1006641387939	0.300993	0.084878	0.041761	0.466922	0.326794	0.138993	pal_bal_138	39.6731670000	3.4593670000
pal_bal_014	38.5719718933105	37.6021824869616	36.655200958252	38.6189765930176	37.759561942455	36.6540489196777	38.5719718933105	37.4885299287993	36.655200958252	38.3795928955078	37.8968560931326	37.1678276062012	28.6961879730225	19.0645269662484	12.4015254974365	28.6961879730225	23.1631930230678	16.1006641387939	0.300993	0.084878	0.041761	0.466922	0.326794	0.138993	pal_bal_033	39.8553333300	0.6701666700
pal_bal_015	38.5719718933105	37.6021824869616	36.655200958252	38.6189765930176	37.759561942455	36.6540489196777	38.5719718933105	37.4885299287993	36.655200958252	38.3795928955078	37.8968560931326	37.1678276062012	28.6961879730225	19.0645269662484	12.4015254974365	28.6961879730225	23.1631930230678	16.1006641387939	0.300993	0.084878	0.041761	0.466922	0.326794	0.138993	pan_spaS_002	37.0011470000	-1.8550670000
pal_bal_016	38.5719718933105	37.6021824869616	36.655200958252	38.6189765930176	37.759561942455	36.6540489196777	38.5719718933105	37.4885299287993	36.655200958252	38.3795928955078	37.8968560931326	37.1678276062012	28.6961879730225	19.0645269662484	12.4015254974365	28.6961879730225	23.1631930230678	16.1006641387939	0.300993	0.084878	0.041761	0.466922	0.326794	0.138993	pal_bal_040	39.8470666700	0.6818833300
pal_bal_017	38.5719718933105	37.6021824869616	36.655200958252	38.6189765930176	37.759561942455	36.6540489196777	38.5719718933105	37.4885299287993	36.655200958252	38.3795928955078	37.8968560931326	37.1678276062012	28.6961879730225	19.0645269662484	12.4015254974365	28.6961879730225	23.1631930230678	16.1006641387939	0.298573	0.08363	0.040954	0.470461	0.327546	0.134808	pal_bal_072	39.6166666700	2.3870333300
pal_bal_018	38.5719718933105	37.6021824869616	36.655200958252	38.6189765930176	37.759561942455	36.6540489196777	38.5719718933105	37.4885299287993	36.655200958252	38.3795928955078	37.8968560931326	37.1678276062012	28.6961879730225	19.0645269662484	12.4015254974365	28.6961879730225	23.1631930230678	16.1006641387939	0.298573	0.08363	0.040954	0.470461	0.327546	0.134808	pal_bal_008	39.8790000000	3.4158000000
pal_bal_019	38.5719718933105	37.6021824869616	36.655200958252	38.6189765930176	37.759561942455	36.6540489196777	38.5719718933105	37.4885299287993	36.655200958252	38.3795928955078	37.8968560931326	37.1678276062012	28.6961879730225	19.0645269662484	12.4015254974365	28.6961879730225	23.1631930230678	16.1006641387939	0.300993	0.084878	0.041761	0.466922	0.326794	0.138993	pal_bal_153	40.1218000000	4.0228170000
pal_bal_020	38.5719718933105	37.6021824869616	36.655200958252	38.6189765930176	37.759561942455	36.6540489196777	38.5719718933105	37.4885299287993	36.655200958252	38.3795928955078	37.8968560931326	37.1678276062012	28.6961879730225	19.0645269662484	12.4015254974365	28.6961879730225	23.1631930230678	16.1006641387939	0.300993	0.084878	0.041761	0.466922	0.326794	0.138993	pal_bal_151	40.1280330000	4.0025830000
pal_bal_021	38.5719718933105	37.6021824869616	36.655200958252	38.6189765930176	37.759561942455	36.6540489196777	38.5719718933105	37.4885299287993	36.655200958252	38.3795928955078	37.8968560931326	37.1678276062012	28.6961879730225	19.0645269662484	12.4015254974365	28.6961879730225	23.1631930230678	16.1006641387939	0.298573	0.08363	0.040954	0.470461	0.327546	0.134808	pal_bal_146	40.1280330000	4.0025830000
pal_bal_022	38.5719718933105	37.6021824869616	36.655200958252	38.6189765930176	37.759561942455	36.6540489196777	38.5719718933105	37.4885299287993	36.655200958252	38.3795928955078	37.8968560931326	37.1678276062012	28.6961879730225	19.0645269662484	12.4015254974365	28.6961879730225	23.1631930230678	16.1006641387939	0.298573	0.08363	0.040954	0.470461	0.327546	0.134808	pal_bal_112	42.3551800000	3.2608860000
pal_bal_023	38.5719718933105	37.6021824869616	36.655200958252	38.6189765930176	37.759561942455	36.6540489196777	38.5719718933105	37.4885299287993	36.655200958252	38.3795928955078	37.8968560931326	37.1678276062012	28.6961879730225	19.0645269662484	12.4015254974365	28.6961879730225	23.1631930230678	16.1006641387939	0.298573	0.08363	0.040954	0.470461	0.327546	0.134808	pal_bal_108	42.0474666700	3.2268833300
pal_bal_024	38.5719718933105	37.6021824869616	36.655200958252	38.6189765930176	37.759561942455	36.6540489196777	38.5719718933105	37.4885299287993	36.655200958252	38.3795928955078	37.8968560931326	37.1678276062012	28.6961879730225	19.0645269662484	12.4015254974365	28.6961879730225	23.1631930230678	16.1006641387939	0.298573	0.08363	0.040954	0.470461	0.327546	0.134808	pal_bal_024	39.8566166700	0.6756000000
pal_bal_025	38.5719718933105	37.6021824869616	36.655200958252	38.6189765930176	37.759561942455	36.6540489196777	38.5719718933105	37.4885299287993	36.655200958252	38.3795928955078	37.8968560931326	37.1678276062012	28.6961879730225	19.0645269662484	12.4015254974365	28.6961879730225	23.1631930230678	16.1006641387939	0.298573	0.08363	0.040954	0.470461	0.327546	0.134808	pal_bal_176	39.8032830000	3.5565330000
pal_bal_026	38.5719718933105	37.6021824869616	36.655200958252	38.6189765930176	37.759561942455	36.6540489196777	38.5719718933105	37.4885299287993	36.655200958252	38.3795928955078	37.8968560931326	37.1678276062012	28.6961879730225	19.0645269662484	12.4015254974365	28.6961879730225	23.1631930230678	16.1006641387939	0.298573	0.08363	0.040954	0.470461	0.327546	0.134808	pal_bal_070	39.6166666700	2.3870333300
pal_bal_027	38.5719718933105	37.6021824869616	36.655200958252	38.6189765930176	37.759561942455	36.6540489196777	38.5719718933105	37.4885299287993	36.655200958252	38.3795928955078	37.8968560931326	37.1678276062012	28.6961879730225	19.0645269662484	12.4015254974365	28.6961879730225	23.1631930230678	16.1006641387939	0.298573	0.08363	0.040954	0.470461	0.327546	0.134808	pal_bal_001	39.9724166700	3.6624333300
pal_bal_028	38.5719718933105	37.6021824869616	36.655200958252	38.6189765930176	37.759561942455	36.6540489196777	38.5719718933105	37.4885299287993	36.655200958252	38.3795928955078	37.8968560931326	37.1678276062012	28.6961879730225	19.0645269662484	12.4015254974365	28.6961879730225	23.1631930230678	16.1006641387939	0.298573	0.08363	0.040954	0.470461	0.327546	0.134808	pal_bal_144	39.7172830000	3.4782330000
pal_bal_029	38.4536666870117	37.6336617305361	36.6610565185547	38.4559593200684	37.8492185877657	36.7050971984863	38.4536666870117	37.5319515315966	36.6610565185547	38.4031410217285	38.0011495502516	37.4766044616699	28.7376861572266	19.0549207446219	12.4006452560425	28.7376861572266	23.1583116136748	16.109733581543	0.298573	0.08363	0.040954	0.470461	0.327546	0.134808	pal_bal_076	39.7212166700	3.4738000000
pal_bal_030	38.4536666870117	37.6336617305361	36.6610565185547	38.4559593200684	37.8492185877657	36.7050971984863	38.4536666870117	37.5319515315966	36.6610565185547	38.4031410217285	38.0011495502516	37.4766044616699	28.7376861572266	19.0549207446219	12.4006452560425	28.7376861572266	23.1583116136748	16.109733581543	0.298573	0.08363	0.040954	0.470461	0.327546	0.134808	pal_bal_019	39.8850166700	0.6639000000
pal_bal_031	38.5719718933105	37.6021824869616	36.655200958252	38.6189765930176	37.759561942455	36.6540489196777	38.5719718933105	37.4885299287993	36.655200958252	38.3795928955078	37.8968560931326	37.1678276062012	28.6961879730225	19.0645269662484	12.4015254974365	28.6961879730225	23.1631930230678	16.1006641387939	0.298573	0.08363	0.040954	0.470461	0.327546	0.134808	pal_bal_018	39.8807000000	0.6738333300
pal_bal_032	38.5719718933105	37.6021824869616	36.655200958252	38.6189765930176	37.759561942455	36.6540489196777	38.5719718933105	37.4885299287993	36.655200958252	38.3795928955078	37.8968560931326	37.1678276062012	28.6961879730225	19.0645269662484	12.4015254974365	28.6961879730225	23.1631930230678	16.1006641387939	0.298573	0.08363	0.040954	0.470461	0.327546	0.134808	pal_bal_028	39.8991333300	0.6763000000
pal_bal_033	38.5719718933105	37.6021824869616	36.655200958252	38.6189765930176	37.759561942455	36.6540489196777	38.5719718933105	37.4885299287993	36.655200958252	38.3795928955078	37.8968560931326	37.1678276062012	28.6961879730225	19.0645269662484	12.4015254974365	28.6961879730225	23.1631930230678	16.1006641387939	0.298573	0.08363	0.040954	0.470461	0.327546	0.134808	pal_bal_020	39.8850166700	0.6639000000
pal_bal_036	38.5719718933105	37.6021824869616	36.655200958252	38.6189765930176	37.759561942455	36.6540489196777	38.5719718933105	37.4885299287993	36.655200958252	38.3795928955078	37.8968560931326	37.1678276062012	28.6961879730225	19.0645269662484	12.4015254974365	28.6961879730225	23.1631930230678	16.1006641387939	0.298573	0.08363	0.040954	0.470461	0.327546	0.134808	pal_bal_014	39.8925000000	0.6657500000
pal_bal_037	38.5719718933105	37.6021824869616	36.655200958252	38.6189765930176	37.759561942455	36.6540489196777	38.5719718933105	37.4885299287993	36.655200958252	38.3795928955078	37.8968560931326	37.1678276062012	28.6961879730225	19.0645269662484	12.4015254974365	28.6961879730225	23.1631930230678	16.1006641387939	0.298573	0.08363	0.040954	0.470461	0.327546	0.134808	pal_bal_157	39.6990170000	3.4721330000
pal_bal_038	38.5719718933105	37.6021824869616	36.655200958252	38.6189765930176	37.759561942455	36.6540489196777	38.5719718933105	37.4885299287993	36.655200958252	38.3795928955078	37.8968560931326	37.1678276062012	28.6961879730225	19.0645269662484	12.4015254974365	28.6961879730225	23.1631930230678	16.1006641387939	0.298573	0.08363	0.040954	0.470461	0.327546	0.134808	pal_bal_071	39.6166666700	2.3870333300
pal_bal_039	38.5719718933105	37.6021824869616	36.655200958252	38.6189765930176	37.759561942455	36.6540489196777	38.5719718933105	37.4885299287993	36.655200958252	38.3795928955078	37.8968560931326	37.1678276062012	28.6961879730225	19.0645269662484	12.4015254974365	28.6961879730225	23.1631930230678	16.1006641387939	0.298573	0.08363	0.040954	0.470461	0.327546	0.134808	pal_bal_118	42.3240166700	3.3216500000
pal_bal_040	38.5719718933105	37.6021824869616	36.655200958252	38.6189765930176	37.759561942455	36.6540489196777	38.5719718933105	37.4885299287993	36.655200958252	38.3795928955078	37.8968560931326	37.1678276062012	28.6961879730225	19.0645269662484	12.4015254974365	28.6961879730225	23.1631930230678	16.1006641387939	0.298573	0.08363	0.040954	0.470461	0.327546	0.134808	pal_bal_134	40.0729330000	4.0272000000
pal_bal_041	38.5869522094727	37.5630865535517	36.655330657959	38.7240524291992	37.6965590422181	36.6007499694824	38.5869522094727	37.4392017715279	36.655330657959	38.3795928955078	37.8968560931326	37.1678276062012	28.675220489502	19.0833719927689	12.425087928772	28.675220489502	23.1759629742853	16.0762577056885	0.289155	0.07986	0.038717	0.371102	0.238797	0.106909	pal_bal_093	39.8036000000	4.3922666700
pal_bal_042	38.5869522094727	37.5630865535517	36.655330657959	38.7240524291992	37.6965590422181	36.6007499694824	38.5869522094727	37.4392017715279	36.655330657959	38.3795928955078	37.8968560931326	37.1678276062012	28.675220489502	19.0833719927689	12.425087928772	28.675220489502	23.1759629742853	16.0762577056885	0.289155	0.07986	0.038717	0.371102	0.238797	0.106909	pal_bal_066	40.1390833300	4.1567666700
pal_bal_043	38.5869522094727	37.5630865535517	36.655330657959	38.7240524291992	37.6965590422181	36.6007499694824	38.5869522094727	37.4392017715279	36.655330657959	38.3795928955078	37.8968560931326	37.1678276062012	28.675220489502	19.0833719927689	12.425087928772	28.675220489502	23.1759629742853	16.0762577056885	0.289155	0.07986	0.038717	0.371102	0.238797	0.106909	pal_bal_080	39.7730166700	4.3064166700
pal_bal_044	38.4536666870117	37.6336617305361	36.6610565185547	38.4559593200684	37.8492185877657	36.7050971984863	38.4536666870117	37.5319515315966	36.6610565185547	38.4031410217285	38.0011495502516	37.4766044616699	28.7376861572266	19.0549207446219	12.4006452560425	28.7376861572266	23.1583116136748	16.109733581543	0.30386	0.085906	0.042927	0.505518	0.345582	0.137236	pal_bal_161	40.1270000000	3.9921670000
pal_bal_045	38.4536666870117	37.6336617305361	36.6610565185547	38.4559593200684	37.8492185877657	36.7050971984863	38.4536666870117	37.5319515315966	36.6610565185547	38.4031410217285	38.0011495502516	37.4766044616699	28.7376861572266	19.0549207446219	12.4006452560425	28.7376861572266	23.1583116136748	16.109733581543	0.30386	0.085906	0.042927	0.505518	0.345582	0.137236	pal_bal_007	39.8790000000	3.4158000000
pal_bal_046	38.4536666870117	37.6336617305361	36.6610565185547	38.4559593200684	37.8492185877657	36.7050971984863	38.4536666870117	37.5319515315966	36.6610565185547	38.4031410217285	38.0011495502516	37.4766044616699	28.7376861572266	19.0549207446219	12.4006452560425	28.7376861572266	23.1583116136748	16.109733581543	0.30386	0.085906	0.042927	0.505518	0.345582	0.137236	pal_bal_164	40.1270000000	3.9921670000
pal_bal_047	38.5206184387207	37.622679140376	36.692569732666	38.5302314758301	37.8628038417334	36.7238426208496	38.5206184387207	37.5275479897685	36.692569732666	38.5079078674316	38.010577410117	37.4826126098633	28.6828384399414	19.0622611073242	12.3655529022217	28.6828384399414	23.1548750866419	16.152437210083	0.300993	0.084878	0.041761	0.466922	0.326794	0.138993	pal_bal_022	39.8707166700	0.6705000000
pal_bal_049	38.5206184387207	37.622679140376	36.692569732666	38.5302314758301	37.8628038417334	36.7238426208496	38.5206184387207	37.5275479897685	36.692569732666	38.5079078674316	38.010577410117	37.4826126098633	28.6828384399414	19.0622611073242	12.3655529022217	28.6828384399414	23.1548750866419	16.152437210083	0.300993	0.084878	0.041761	0.466922	0.326794	0.138993	pal_bal_123	42.0607666700	3.2138333300
pal_bal_050	38.6436424255371	37.5888957538824	36.679615020752	38.7106475830078	37.8449164215176	36.6784172058105	38.6436424255371	37.4830487349938	36.679615020752	38.5097579956055	38.0033063705854	37.4616012573242	28.6413059234619	19.0719250372086	12.3664236068726	28.6413059234619	23.1553040756576	16.1560344696045	0.300993	0.084878	0.041761	0.466922	0.326794	0.138993	pal_bal_160	40.1270000000	3.9921670000
pal_bal_051	38.4536666870117	37.6336617305361	36.6610565185547	38.4559593200684	37.8492185877657	36.7050971984863	38.4536666870117	37.5319515315966	36.6610565185547	38.4031410217285	38.0011495502516	37.4766044616699	28.7376861572266	19.0549207446219	12.4006452560425	28.7376861572266	23.1583116136748	16.109733581543	0.30386	0.085906	0.042927	0.505518	0.345582	0.137236	pal_bal_178	39.8157830000	3.5370170000
pal_bal_052	38.4536666870117	37.6336617305361	36.6610565185547	38.4559593200684	37.8492185877657	36.7050971984863	38.4536666870117	37.5319515315966	36.6610565185547	38.4031410217285	38.0011495502516	37.4766044616699	28.7376861572266	19.0549207446219	12.4006452560425	28.7376861572266	23.1583116136748	16.109733581543	0.30386	0.085906	0.042927	0.505518	0.345582	0.137236	pal_bal_182	39.8228670000	3.5536170000
pal_bal_053	38.5869522094727	37.5630865535517	36.655330657959	38.7240524291992	37.6965590422181	36.6007499694824	38.5869522094727	37.4392017715279	36.655330657959	38.3795928955078	37.8968560931326	37.1678276062012	28.675220489502	19.0833719927689	12.425087928772	28.675220489502	23.1759629742853	16.0762577056885	0.298573	0.08363	0.040954	0.470461	0.327546	0.134808	pal_bal_149	40.1280330000	4.0025830000
pal_bal_054	38.4536666870117	37.6336617305361	36.6610565185547	38.4559593200684	37.8492185877657	36.7050971984863	38.4536666870117	37.5319515315966	36.6610565185547	38.4031410217285	38.0011495502516	37.4766044616699	28.7376861572266	19.0549207446219	12.4006452560425	28.7376861572266	23.1583116136748	16.109733581543	0.30386	0.085906	0.042927	0.505518	0.345582	0.137236	pal_bal_145	39.7172830000	3.4782330000
pal_bal_055	38.4536666870117	37.6336617305361	36.6610565185547	38.4559593200684	37.8492185877657	36.7050971984863	38.4536666870117	37.5319515315966	36.6610565185547	38.4031410217285	38.0011495502516	37.4766044616699	28.7376861572266	19.0549207446219	12.4006452560425	28.7376861572266	23.1583116136748	16.109733581543	0.30386	0.085906	0.042927	0.505518	0.345582	0.137236	pal_bal_096	40.0227666700	4.3254500000
pal_bal_056	38.4536666870117	37.6336617305361	36.6610565185547	38.4559593200684	37.8492185877657	36.7050971984863	38.4536666870117	37.5319515315966	36.6610565185547	38.4031410217285	38.0011495502516	37.4766044616699	28.7376861572266	19.0549207446219	12.4006452560425	28.7376861572266	23.1583116136748	16.109733581543	0.30386	0.085906	0.042927	0.505518	0.345582	0.137236	pal_bal_122	42.2807230000	3.3185900000
pal_bal_057	38.4536666870117	37.6336617305361	36.6610565185547	38.4559593200684	37.8492185877657	36.7050971984863	38.4536666870117	37.5319515315966	36.6610565185547	38.4031410217285	38.0011495502516	37.4766044616699	28.7376861572266	19.0549207446219	12.4006452560425	28.7376861572266	23.1583116136748	16.109733581543	0.30386	0.085906	0.042927	0.505518	0.345582	0.137236	pal_bal_097	40.0227666700	4.3254500000
pal_bal_058	38.4536666870117	37.6336617305361	36.6610565185547	38.4559593200684	37.8492185877657	36.7050971984863	38.4536666870117	37.5319515315966	36.6610565185547	38.4031410217285	38.0011495502516	37.4766044616699	28.7376861572266	19.0549207446219	12.4006452560425	28.7376861572266	23.1583116136748	16.109733581543	0.30386	0.085906	0.042927	0.505518	0.345582	0.137236	pal_bal_152	40.1218000000	4.0228170000
pal_bal_059	38.4536666870117	37.6336617305361	36.6610565185547	38.4559593200684	37.8492185877657	36.7050971984863	38.4536666870117	37.5319515315966	36.6610565185547	38.4031410217285	38.0011495502516	37.4766044616699	28.7376861572266	19.0549207446219	12.4006452560425	28.7376861572266	23.1583116136748	16.109733581543	0.30386	0.085906	0.042927	0.505518	0.345582	0.137236	pal_bal_180	39.8236000000	3.5370170000
pal_bal_061	38.2533111572266	37.4539833507319	36.8470458984375	38.3258171081543	37.6058591236764	36.7851486206055	38.2533111572266	37.3857077236833	36.8470458984375	38.384708404541	37.8105167191604	37.1285285949707	28.841215133667	19.3927492437692	13.2136402130127	28.841215133667	23.400686362694	17.4466342926025	0.210527	0.06283	0.028825	0.094191	0.0377	0.023467	pal_bal_173	39.8032830000	3.5565330000
pal_bal_062	38.2533111572266	37.4539833507319	36.8470458984375	38.3258171081543	37.6058591236764	36.7851486206055	38.2533111572266	37.3857077236833	36.8470458984375	38.384708404541	37.8105167191604	37.1285285949707	28.841215133667	19.3927492437692	13.2136402130127	28.841215133667	23.400686362694	17.4466342926025	0.210527	0.06283	0.028825	0.094191	0.0377	0.023467	pal_bal_009	39.8790000000	3.4158000000
pal_bal_063	38.3120574951172	37.5291482662332	36.7613754272461	38.3896598815918	37.6777345922424	36.6711578369141	38.3120574951172	37.4202525917141	36.7613754272461	38.4161148071289	37.8844272715835	36.8515357971191	28.7820854187012	19.1602142323023	13.0521335601807	28.7820854187012	23.1849026515566	16.9730052947998	0.282541	0.074684	0.030203	0.416109	0.125844	0.030051	pal_bal_107	42.0451166700	3.2265333300
pal_bal_064	38.3120574951172	37.5291482662332	36.7613754272461	38.3896598815918	37.6777345922424	36.6711578369141	38.3120574951172	37.4202525917141	36.7613754272461	38.4161148071289	37.8844272715835	36.8515357971191	28.7820854187012	19.1602142323023	13.0521335601807	28.7820854187012	23.1849026515566	16.9730052947998	0.282541	0.074684	0.030203	0.416109	0.125844	0.030051	pal_bal_117	42.3240166700	3.3216500000
pal_bal_065	38.3165588378906	37.5397947684102	36.7673606872559	38.3831672668457	37.6858291855177	36.674201965332	38.3165588378906	37.4322599213699	36.7673606872559	38.4127998352051	37.8862332347709	36.8558578491211	28.7843036651611	19.143858180649	13.0327863693237	28.7843036651611	23.1701777447229	16.9592056274414	0.282541	0.074684	0.030203	0.416109	0.125844	0.030051	pal_bal_104	40.0862166700	4.1781333300
pal_bal_066	38.3165588378906	37.5397947684102	36.7673606872559	38.3831672668457	37.6858291855177	36.674201965332	38.3165588378906	37.4322599213699	36.7673606872559	38.4127998352051	37.8862332347709	36.8558578491211	28.7843036651611	19.143858180649	13.0327863693237	28.7843036651611	23.1701777447229	16.9592056274414	0.282541	0.074684	0.030203	0.416109	0.125844	0.030051	pal_bal_175	39.8032830000	3.5565330000
pal_bal_067	38.230583190918	37.3379525370981	36.6366500854492	38.2457389831543	37.3862160167475	36.496711730957	38.1951179504395	37.2180497399692	36.6366500854492	38.3795928955078	37.8968560931326	37.1678276062012	29.3662796020508	19.5549646520067	13.2911195755005	29.3662796020508	23.634391105038	17.2479209899902	0.148074	0.058609	0.029119	0.230961	0.062156	0.028454	pal_bal_154	39.6731670000	3.4593670000
pal_bal_068	38.230583190918	37.3379525370981	36.6366500854492	38.2457389831543	37.3862160167475	36.496711730957	38.1951179504395	37.2180497399692	36.6366500854492	38.3795928955078	37.8968560931326	37.1678276062012	29.3662796020508	19.5549646520067	13.2911195755005	29.3662796020508	23.634391105038	17.2479209899902	0.148074	0.058609	0.029119	0.230961	0.062156	0.028454	pal_bal_132	39.6861170000	3.4608330000
pal_bal_069	38.230583190918	37.3379525370981	36.6366500854492	38.2457389831543	37.3862160167475	36.496711730957	38.1951179504395	37.2180497399692	36.6366500854492	38.3795928955078	37.8968560931326	37.1678276062012	29.3662796020508	19.5549646520067	13.2911195755005	29.3662796020508	23.634391105038	17.2479209899902	0.148074	0.058609	0.029119	0.230961	0.062156	0.028454	pal_bal_015	39.8748333300	0.6661666700
pal_bal_070	38.230583190918	37.3379525370981	36.6366500854492	38.2457389831543	37.3862160167475	36.496711730957	38.1951179504395	37.2180497399692	36.6366500854492	38.3795928955078	37.8968560931326	37.1678276062012	29.3662796020508	19.5549646520067	13.2911195755005	29.3662796020508	23.634391105038	17.2479209899902	0.148074	0.058609	0.029119	0.230961	0.062156	0.028454	pal_bal_012	39.9030333300	0.6853666700
pal_bal_071	38.230583190918	37.3379525370981	36.6366500854492	38.2457389831543	37.3862160167475	36.496711730957	38.1951179504395	37.2180497399692	36.6366500854492	38.3795928955078	37.8968560931326	37.1678276062012	29.3662796020508	19.5549646520067	13.2911195755005	29.3662796020508	23.634391105038	17.2479209899902	0.148074	0.058609	0.029119	0.230961	0.062156	0.028454	pal_bal_174	39.8032830000	3.5565330000
pal_bal_072	38.230583190918	37.3379525370981	36.6366500854492	38.2457389831543	37.3862160167475	36.496711730957	38.1951179504395	37.2180497399692	36.6366500854492	38.3795928955078	37.8968560931326	37.1678276062012	29.3662796020508	19.5549646520067	13.2911195755005	29.3662796020508	23.634391105038	17.2479209899902	0.148074	0.058609	0.029119	0.230961	0.062156	0.028454	pal_bal_098	40.0227666700	4.3254500000
pal_bal_073	38.28369140625	37.436046008406	36.7980537414551	38.3389434814453	37.6090180258517	36.7029113769531	38.28369140625	37.3649721912954	36.7980537414551	38.3289070129395	37.7462397169793	37.0829696655273	28.8412494659424	19.3958233827832	13.1438455581665	28.8412494659424	23.4275415354762	17.2803382873535	0.178624	0.061322	0.028732	0.187997	0.100182	0.056433	pal_bal_137	39.6758330000	3.4826830000
pal_bal_074	38.28369140625	37.436046008406	36.7980537414551	38.3389434814453	37.6090180258517	36.7029113769531	38.28369140625	37.3649721912954	36.7980537414551	38.3289070129395	37.7462397169793	37.0829696655273	28.8412494659424	19.3958233827832	13.1438455581665	28.8412494659424	23.4275415354762	17.2803382873535	0.178624	0.061322	0.028732	0.187997	0.100182	0.056433	pal_bal_158	39.7084000000	3.4862330000
pal_bal_075	38.28369140625	37.436046008406	36.7980537414551	38.3389434814453	37.6090180258517	36.7029113769531	38.28369140625	37.3649721912954	36.7980537414551	38.3289070129395	37.7462397169793	37.0829696655273	28.8412494659424	19.3958233827832	13.1438455581665	28.8412494659424	23.4275415354762	17.2803382873535	0.178624	0.061322	0.028732	0.187997	0.100182	0.056433	pal_bal_136	39.7295330000	3.4824530000
pal_bal_076	38.2876129150391	37.4284568983933	36.748893737793	38.2669258117676	37.4570360987579	36.6200790405273	38.2876129150391	37.3581425458535	36.748893737793	38.3795928955078	37.8968560931326	37.1678276062012	28.8677082061768	19.3885823830791	12.9696578979492	28.8677082061768	23.4604857543419	17.214225769043	0.118205	0.054373	0.029488	0.30714	0.085631	0.028405	pal_bal_163	40.1270000000	3.9921670000
pal_bal_077	38.2876129150391	37.4284568983933	36.748893737793	38.2669258117676	37.4570360987579	36.6200790405273	38.2876129150391	37.3581425458535	36.748893737793	38.3795928955078	37.8968560931326	37.1678276062012	28.8677082061768	19.3885823830791	12.9696578979492	28.8677082061768	23.4604857543419	17.214225769043	0.118205	0.054373	0.029488	0.30714	0.085631	0.028405	pal_bal_133	40.0729330000	4.0272000000
pal_bal_078	38.360710144043	37.4884158057728	36.7519378662109	38.3341751098633	37.5193963946054	36.6377182006836	38.360710144043	37.4153492806972	36.7519378662109	38.3795928955078	37.8968560931326	37.1678276062012	28.7772254943848	19.2727568368802	12.8566217422485	28.7772254943848	23.3455749928266	17.1722030639648	0.118205	0.054373	0.029488	0.30714	0.085631	0.028405	pal_bal_172	39.7597670000	3.2369000000
pal_bal_079	38.3122138977051	37.4553568390594	36.8476448059082	38.3365783691406	37.6162997946346	36.7766151428223	38.3122138977051	37.3872773619904	36.8476448059082	38.3541488647461	37.8151152672895	37.0485229492188	28.8240356445312	19.3691456728968	13.1751708984375	28.8240356445312	23.382243452401	17.336446762085	0.211282	0.065184	0.029519	0.088555	0.037612	0.024207	pal_bal_067	39.5995333300	2.3392500000
pal_bal_080	38.3537673950195	37.4660184684841	36.8458213806152	38.3357963562012	37.6284061529544	36.7823524475098	38.3537673950195	37.3982393549777	36.8458213806152	38.3443870544434	37.8233161940885	37.024585723877	28.8114490509033	19.3352206712482	13.1199331283569	28.8114490509033	23.3512720129956	17.2126846313477	0.211282	0.065184	0.029519	0.088555	0.037612	0.024207	pal_bal_156	39.7179700000	3.4973000000
pal_bal_081	38.3537673950195	37.4660184684841	36.8458213806152	38.3357963562012	37.6284061529544	36.7823524475098	38.3537673950195	37.3982393549777	36.8458213806152	38.3443870544434	37.8233161940885	37.024585723877	28.8114490509033	19.3352206712482	13.1199331283569	28.8114490509033	23.3512720129956	17.2126846313477	0.211282	0.065184	0.029519	0.088555	0.037612	0.024207	pal_bal_119	42.3240166700	3.3216500000
pal_bal_082	38.360710144043	37.4884158057728	36.7519378662109	38.3341751098633	37.5193963946054	36.6377182006836	38.360710144043	37.4153492806972	36.7519378662109	38.3795928955078	37.8968560931326	37.1678276062012	28.7772254943848	19.2727568368802	12.8566217422485	28.7772254943848	23.3455749928266	17.1722030639648	0.118205	0.054373	0.029488	0.30714	0.085631	0.028405	pal_bal_179	39.8236000000	3.5370170000
pal_bal_083	38.360710144043	37.4884158057728	36.7519378662109	38.3341751098633	37.5193963946054	36.6377182006836	38.360710144043	37.4153492806972	36.7519378662109	38.3795928955078	37.8968560931326	37.1678276062012	28.7772254943848	19.2727568368802	12.8566217422485	28.7772254943848	23.3455749928266	17.1722030639648	0.118205	0.054373	0.029488	0.30714	0.085631	0.028405	pal_bal_103	40.0952500000	4.1815500000
pal_bal_084	38.360710144043	37.4884158057728	36.7519378662109	38.3341751098633	37.5193963946054	36.6377182006836	38.360710144043	37.4153492806972	36.7519378662109	38.3795928955078	37.8968560931326	37.1678276062012	28.7772254943848	19.2727568368802	12.8566217422485	28.7772254943848	23.3455749928266	17.1722030639648	0.118205	0.054373	0.029488	0.30714	0.085631	0.028405	pan_spaS_003	36.9820330000	-1.8664830000
pal_bal_085	38.2876129150391	37.4284568983933	36.748893737793	38.2669258117676	37.4570360987579	36.6200790405273	38.2876129150391	37.3581425458535	36.748893737793	38.3795928955078	37.8968560931326	37.1678276062012	28.8677082061768	19.3885823830791	12.9696578979492	28.8677082061768	23.4604857543419	17.214225769043	0.118205	0.054373	0.029488	0.30714	0.085631	0.028405	pal_bal_047	39.9102000000	0.6409500000
pal_bal_086	38.3201293945312	37.4745828803928	36.8063163757324	38.382755279541	38.0110174654649	37.1678276062012	38.3197784423828	37.3557407335303	36.8063163757324	38.3795928955078	37.8968560931326	37.1678276062012	29.0635013580322	19.3223179537674	13.0586013793945	29.0635013580322	23.4096837208189	17.0182323455811	0.133778	0.059049	0.029001	0.4043	0.11611	0.030937	pan_spaS_026	36.7302170000	-2.0839000000
pal_bal_087	38.3201293945312	37.4745828803928	36.8063163757324	38.382755279541	38.0110174654649	37.1678276062012	38.3197784423828	37.3557407335303	36.8063163757324	38.3795928955078	37.8968560931326	37.1678276062012	29.0635013580322	19.3223179537674	13.0586013793945	29.0635013580322	23.4096837208189	17.0182323455811	0.133778	0.059049	0.029001	0.4043	0.11611	0.030937	pal_bal_148	40.1280330000	4.0025830000
pal_bal_088	38.3201293945312	37.4745828803928	36.8063163757324	38.382755279541	38.0110174654649	37.1678276062012	38.3197784423828	37.3557407335303	36.8063163757324	38.3795928955078	37.8968560931326	37.1678276062012	29.0635013580322	19.3223179537674	13.0586013793945	29.0635013580322	23.4096837208189	17.0182323455811	0.133778	0.059049	0.029001	0.4043	0.11611	0.030937	pal_bal_010	39.8787833300	3.4090500000
pal_bal_089	38.3201293945312	37.4745828803928	36.8063163757324	38.382755279541	38.0110174654649	37.1678276062012	38.3197784423828	37.3557407335303	36.8063163757324	38.3795928955078	37.8968560931326	37.1678276062012	29.0635013580322	19.3223179537674	13.0586013793945	29.0635013580322	23.4096837208189	17.0182323455811	0.133778	0.059049	0.029001	0.4043	0.11611	0.030937	pal_bal_111	42.3551800000	3.2608860000
pal_bal_090	38.3201293945312	37.4745828803928	36.8063163757324	38.382755279541	38.0110174654649	37.1678276062012	38.3197784423828	37.3557407335303	36.8063163757324	38.3795928955078	37.8968560931326	37.1678276062012	29.0635013580322	19.3223179537674	13.0586013793945	29.0635013580322	23.4096837208189	17.0182323455811	0.133778	0.059049	0.029001	0.4043	0.11611	0.030937	pal_bal_016	39.8748333300	0.6661666700
pal_bal_091	38.3752784729004	37.5052405280628	36.7654190063477	38.335376739502	37.5241580904672	36.6517524719238	38.3752784729004	37.4326650246807	36.7654190063477	38.3795928955078	37.8968560931326	37.1678276062012	28.8027687072754	19.2655842852318	12.8487672805786	28.8027687072754	23.3512524571912	17.1413860321045	0.129442	0.056107	0.029303	0.230364	0.064083	0.027841	pal_bal_147	40.1280330000	4.0025830000
pal_bal_092	38.3752784729004	37.5052405280628	36.7654190063477	38.335376739502	37.5241580904672	36.6517524719238	38.3752784729004	37.4326650246807	36.7654190063477	38.3795928955078	37.8968560931326	37.1678276062012	28.8027687072754	19.2655842852318	12.8487672805786	28.8027687072754	23.3512524571912	17.1413860321045	0.129442	0.056107	0.029303	0.230364	0.064083	0.027841	pal_bal_049	39.9081666700	0.6380666700
pal_bal_093	38.3953323364258	37.5077769290442	36.8069381713867	38.3552932739258	37.6548613445637	36.6960334777832	38.3953323364258	37.4348568751894	36.8069381713867	38.3060035705566	37.7721942813917	36.9333648681641	28.7975234985352	19.2576367005535	12.9935445785522	28.7975234985352	23.2794804627868	17.0794010162354	0.223686	0.068143	0.030335	0.346308	0.234684	0.113314	pal_bal_155	39.7179700000	3.4973000000
pal_bal_094	38.3953323364258	37.5077769290442	36.8069381713867	38.3552932739258	37.6548613445637	36.6960334777832	38.3953323364258	37.4348568751894	36.8069381713867	38.3060035705566	37.7721942813917	36.9333648681641	28.7975234985352	19.2576367005535	12.9935445785522	28.7975234985352	23.2794804627868	17.0794010162354	0.223686	0.068143	0.030335	0.346308	0.234684	0.113314	pal_bal_150	40.1280330000	4.0025830000
pal_bal_095	38.3818626403809	37.4795337874314	36.8359832763672	38.3324737548828	37.6346504685772	36.7433738708496	38.3818626403809	37.4109397537407	36.8359832763672	38.3358154296875	37.8284441520428	36.9823570251465	28.793436050415	19.3003698792951	13.063364982605	28.793436050415	23.3186086128498	17.1304454803467	0.223686	0.068143	0.030335	0.346308	0.234684	0.113314	pal_bal_135	39.7295330000	3.4824530000
pal_bal_096	38.3316459655762	37.5458811288592	36.7932167053223	38.3381538391113	37.6308636342581	36.6796112060547	38.3316459655762	37.4606519457938	36.7932167053223	38.289436340332	37.7252960205078	36.8525314331055	28.7619647979736	19.1787346944042	12.8787631988525	28.7619647979736	23.2042802503739	17.0236721038818	0.270196	0.072815	0.030324	0.444008	0.14713	0.032772	pal_bal_021	39.8707166700	0.6705000000
pal_bal_097	38.3316459655762	37.5458811288592	36.7932167053223	38.3381538391113	37.6308636342581	36.6796112060547	38.3316459655762	37.4606519457938	36.7932167053223	38.289436340332	37.7252960205078	36.8525314331055	28.7619647979736	19.1787346944042	12.8787631988525	28.7619647979736	23.2042802503739	17.0236721038818	0.270196	0.072815	0.030324	0.444008	0.14713	0.032772	pal_bal_013	39.8925000000	0.6657500000
pal_bal_098	38.3316459655762	37.5458811288592	36.7932167053223	38.3381538391113	37.6308636342581	36.6796112060547	38.3316459655762	37.4606519457938	36.7932167053223	38.289436340332	37.7252960205078	36.8525314331055	28.7619647979736	19.1787346944042	12.8787631988525	28.7619647979736	23.2042802503739	17.0236721038818	0.270196	0.072815	0.030324	0.444008	0.14713	0.032772	pan_spaS_050	37.5871170000	-0.6293830000
pal_bal_099	38.1720352172852	37.3390045275633	36.6452102661133	38.382755279541	38.0110174654649	37.1678276062012	38.1412391662598	37.2559903243492	36.6452102661133	38.3795928955078	37.8968560931326	37.1678276062012	29.0718097686768	19.5607359464141	13.1831007003784	29.0718097686768	23.6176491551016	17.2660331726074	0.151809	0.054742	0.027205	0.309262	0.079345	0.02684	pal_bal_063	40.1477500000	4.1157833300
pal_bal_100	38.1227378845215	37.2925371301585	36.6261558532715	38.2442283630371	37.4909760266885	36.499210357666	38.1227378845215	37.2023640994368	36.6261558532715	38.3014259338379	37.7363572175475	36.7047348022461	29.0171356201172	19.617752987763	13.2988939285278	29.0171356201172	23.644470927359	17.3452568054199	0.147626	0.054418	0.026987	0.385655	0.28068	0.148342	pan_spaS_028	37.6162700000	-0.6114330000
pal_bal_101	38.1227378845215	37.2925371301585	36.6261558532715	38.2442283630371	37.4909760266885	36.499210357666	38.1227378845215	37.2023640994368	36.6261558532715	38.3014259338379	37.7363572175475	36.7047348022461	29.0171356201172	19.617752987763	13.2988939285278	29.0171356201172	23.644470927359	17.3452568054199	0.147626	0.054418	0.026987	0.385655	0.28068	0.148342	pal_bal_055	39.9343500000	0.6881666700
pal_bal_102	38.3165588378906	37.5397947684102	36.7673606872559	38.3831672668457	37.6858291855177	36.674201965332	38.3165588378906	37.4322599213699	36.7673606872559	38.4127998352051	37.8862332347709	36.8558578491211	28.7843036651611	19.143858180649	13.0327863693237	28.7843036651611	23.1701777447229	16.9592056274414	0.299611	0.07727	0.030656	0.437955	0.277527	0.118054	pal_bal_069	39.5995333300	2.3392500000
pal_bal_103	38.3165588378906	37.5397947684102	36.7673606872559	38.3831672668457	37.6858291855177	36.674201965332	38.3165588378906	37.4322599213699	36.7673606872559	38.4127998352051	37.8862332347709	36.8558578491211	28.7843036651611	19.143858180649	13.0327863693237	28.7843036651611	23.1701777447229	16.9592056274414	0.299611	0.07727	0.030656	0.437955	0.277527	0.118054	pal_bal_025	39.8722500000	0.6827333300
pal_bal_104	38.3232765197754	37.53606081557	36.771427154541	38.2973747253418	37.5708093442223	36.6751823425293	38.3232765197754	37.437674226432	36.771427154541	38.3795928955078	37.8968560931326	37.1678276062012	28.7443103790283	19.145508782617	12.9834671020508	28.7443103790283	23.1675860196695	16.9835014343262	0.299611	0.07727	0.030656	0.437955	0.277527	0.118054	pal_bal_039	39.8470666700	0.6818833300
pal_bal_105	38.4004898071289	38.0007203858474	37.2195510864258	38.417236328125	38.0603064633711	37.555305480957	38.3271026611328	37.950489745743	37.2195510864258	38.3659858703613	38.0899207454988	37.7805786132812	26.1774501800537	17.3690398917801	11.9045934677124	26.1774501800537	20.810681710298	15.5576467514038	0.425218	0.155897	0.048969	0.517717	0.179466	0.038933	pal_bal_078	39.7466500000	3.4619666700
pal_bal_106	38.4004898071289	38.0007203858474	37.2195510864258	38.417236328125	38.0603064633711	37.555305480957	38.3271026611328	37.950489745743	37.2195510864258	38.3659858703613	38.0899207454988	37.7805786132812	26.1774501800537	17.3690398917801	11.9045934677124	26.1774501800537	20.810681710298	15.5576467514038	0.425218	0.155897	0.048969	0.517717	0.179466	0.038933	pal_bal_167	40.1238330000	3.9812830000
pal_bal_107	38.4004898071289	38.0007203858474	37.2195510864258	38.417236328125	38.0603064633711	37.555305480957	38.3271026611328	37.950489745743	37.2195510864258	38.3659858703613	38.0899207454988	37.7805786132812	26.1774501800537	17.3690398917801	11.9045934677124	26.1774501800537	20.810681710298	15.5576467514038	0.425218	0.155897	0.048969	0.517717	0.179466	0.038933	pal_bal_036	39.8553333300	0.6701666700
pal_bal_108	38.4004898071289	38.0007203858474	37.2195510864258	38.417236328125	38.0603064633711	37.555305480957	38.3271026611328	37.950489745743	37.2195510864258	38.3659858703613	38.0899207454988	37.7805786132812	26.1774501800537	17.3690398917801	11.9045934677124	26.1774501800537	20.810681710298	15.5576467514038	0.425218	0.155897	0.048969	0.517717	0.179466	0.038933	pan_spaS_012	36.8021170000	-1.9913170000
pal_bal_109	38.4004898071289	38.0007203858474	37.2195510864258	38.417236328125	38.0603064633711	37.555305480957	38.3271026611328	37.950489745743	37.2195510864258	38.3659858703613	38.0899207454988	37.7805786132812	26.1774501800537	17.3690398917801	11.9045934677124	26.1774501800537	20.810681710298	15.5576467514038	0.425218	0.155897	0.048969	0.517717	0.179466	0.038933	pal_bal_030	39.9105833300	0.6850000000
pal_bal_110	38.4001579284668	38.0072575163567	37.2105026245117	38.4025573730469	38.0638992474993	37.5810966491699	38.3704795837402	37.957234547056	37.2105026245117	38.3956108093262	38.1067609421595	37.7764930725098	26.2820987701416	17.4875274992537	12.1633338928223	26.2820987701416	20.95364714765	15.6017122268677	0.418466	0.157423	0.050642	0.46106	0.237088	0.065412	pan_spaS_024	36.7334830000	-2.0837000000
pal_bal_111	38.371898651123	37.9775048727277	37.149486541748	38.3879241943359	38.0589951093668	37.5626983642578	38.3294105529785	37.9365662761118	37.149486541748	38.3960762023926	38.1145543109411	37.8074684143066	26.0984153747559	17.1247209104998	11.7596912384033	26.0984153747559	20.5252961948	15.4962320327759	0.493136	0.161514	0.041043	0.493522	0.287152	0.110653	pan_spaS_041	37.6566000000	-0.5923670000
pal_bal_112	38.371898651123	37.9775048727277	37.149486541748	38.3879241943359	38.0589951093668	37.5626983642578	38.3294105529785	37.9365662761118	37.149486541748	38.3960762023926	38.1145543109411	37.8074684143066	26.0984153747559	17.1247209104998	11.7596912384033	26.0984153747559	20.5252961948	15.4962320327759	0.493136	0.161514	0.041043	0.493522	0.287152	0.110653	pal_bal_073	39.8793333300	3.7908000000
pal_bal_113	38.371898651123	37.9775048727277	37.149486541748	38.3879241943359	38.0589951093668	37.5626983642578	38.3294105529785	37.9365662761118	37.149486541748	38.3960762023926	38.1145543109411	37.8074684143066	26.0984153747559	17.1247209104998	11.7596912384033	26.0984153747559	20.5252961948	15.4962320327759	0.493136	0.161514	0.041043	0.493522	0.287152	0.110653	pal_bal_099	39.2047666700	2.9786000000
pal_bal_114	38.3751640319824	37.9841408455509	37.251522064209	38.387882232666	38.0543515276137	37.5944976806641	38.3059005737305	37.938667165822	37.251522064209	38.3977165222168	38.1115200071956	37.8078422546387	26.1279354095459	17.2170471788823	12.0398149490356	26.1279354095459	20.5785798423592	15.6280698776245	0.469061	0.155694	0.041854	0.48238	0.284977	0.108558	pal_bal_177	39.8157830000	3.5370170000
pal_bal_115	38.3751640319824	37.9841408455509	37.251522064209	38.387882232666	38.0543515276137	37.5944976806641	38.3059005737305	37.938667165822	37.251522064209	38.3977165222168	38.1115200071956	37.8078422546387	26.1279354095459	17.2170471788823	12.0398149490356	26.1279354095459	20.5785798423592	15.6280698776245	0.469061	0.155694	0.041854	0.48238	0.284977	0.108558	pal_bal_038	39.8470666700	0.6818833300
pal_bal_116	38.3751640319824	37.9841408455509	37.251522064209	38.387882232666	38.0543515276137	37.5944976806641	38.3059005737305	37.938667165822	37.251522064209	38.3977165222168	38.1115200071956	37.8078422546387	26.1279354095459	17.2170471788823	12.0398149490356	26.1279354095459	20.5785798423592	15.6280698776245	0.469061	0.155694	0.041854	0.48238	0.284977	0.108558	pan_spaS_033	37.6314170000	-0.6021000000
pal_bal_117	38.3751640319824	37.9841408455509	37.251522064209	38.387882232666	38.0543515276137	37.5944976806641	38.3059005737305	37.938667165822	37.251522064209	38.3977165222168	38.1115200071956	37.8078422546387	26.1279354095459	17.2170471788823	12.0398149490356	26.1279354095459	20.5785798423592	15.6280698776245	0.469061	0.155694	0.041854	0.48238	0.284977	0.108558	pan_spaS_001	36.9430000000	-1.8611330000
pal_bal_118	38.3751640319824	37.9841408455509	37.251522064209	38.387882232666	38.0543515276137	37.5944976806641	38.3059005737305	37.938667165822	37.251522064209	38.3977165222168	38.1115200071956	37.8078422546387	26.1279354095459	17.2170471788823	12.0398149490356	26.1279354095459	20.5785798423592	15.6280698776245	0.469061	0.155694	0.041854	0.48238	0.284977	0.108558	pal_bal_115	42.3064666700	3.3014000000
pal_bal_119	38.3751640319824	37.9841408455509	37.251522064209	38.387882232666	38.0543515276137	37.5944976806641	38.3059005737305	37.938667165822	37.251522064209	38.3977165222168	38.1115200071956	37.8078422546387	26.1279354095459	17.2170471788823	12.0398149490356	26.1279354095459	20.5785798423592	15.6280698776245	0.469061	0.155694	0.041854	0.48238	0.284977	0.108558	pal_bal_082	39.7423500000	3.4597500000
pal_bal_120	38.3751640319824	37.9841408455509	37.251522064209	38.387882232666	38.0543515276137	37.5944976806641	38.3059005737305	37.938667165822	37.251522064209	38.3977165222168	38.1115200071956	37.8078422546387	26.1279354095459	17.2170471788823	12.0398149490356	26.1279354095459	20.5785798423592	15.6280698776245	0.469061	0.155694	0.041854	0.48238	0.284977	0.108558	pal_bal_075	39.8945833300	3.7976666700
pal_bal_121	38.3751640319824	37.9841408455509	37.251522064209	38.387882232666	38.0543515276137	37.5944976806641	38.3059005737305	37.938667165822	37.251522064209	38.3977165222168	38.1115200071956	37.8078422546387	26.1279354095459	17.2170471788823	12.0398149490356	26.1279354095459	20.5785798423592	15.6280698776245	0.469061	0.155694	0.041854	0.48238	0.284977	0.108558	pal_bal_037	39.8470666700	0.6818833300
pal_bal_122	38.3751640319824	37.9841408455509	37.251522064209	38.387882232666	38.0543515276137	37.5944976806641	38.3059005737305	37.938667165822	37.251522064209	38.3977165222168	38.1115200071956	37.8078422546387	26.1279354095459	17.2170471788823	12.0398149490356	26.1279354095459	20.5785798423592	15.6280698776245	0.469061	0.155694	0.041854	0.48238	0.284977	0.108558	pan_spaS_042	37.6566000000	-0.5923670000
pal_bal_123	38.4004898071289	38.0007203858474	37.2195510864258	38.417236328125	38.0603064633711	37.555305480957	38.3271026611328	37.950489745743	37.2195510864258	38.3659858703613	38.0899207454988	37.7805786132812	26.1774501800537	17.3690398917801	11.9045934677124	26.1774501800537	20.810681710298	15.5576467514038	0.425218	0.155897	0.048969	0.517717	0.179466	0.038933	pal_bal_126	42.0625666700	3.2105500000
pal_bal_124	38.4004898071289	38.0007203858474	37.2195510864258	38.417236328125	38.0603064633711	37.555305480957	38.3271026611328	37.950489745743	37.2195510864258	38.3659858703613	38.0899207454988	37.7805786132812	26.1774501800537	17.3690398917801	11.9045934677124	26.1774501800537	20.810681710298	15.5576467514038	0.425218	0.155897	0.048969	0.517717	0.179466	0.038933	pal_bal_044	39.9343000000	0.6737833300
pal_bal_126	38.4004898071289	38.0007203858474	37.2195510864258	38.417236328125	38.0603064633711	37.555305480957	38.3271026611328	37.950489745743	37.2195510864258	38.3659858703613	38.0899207454988	37.7805786132812	26.1774501800537	17.3690398917801	11.9045934677124	26.1774501800537	20.810681710298	15.5576467514038	0.425218	0.155897	0.048969	0.517717	0.179466	0.038933	pal_bal_043	39.8263166700	0.6785166700
pal_bal_127	38.4004898071289	38.0007203858474	37.2195510864258	38.417236328125	38.0603064633711	37.555305480957	38.3271026611328	37.950489745743	37.2195510864258	38.3659858703613	38.0899207454988	37.7805786132812	26.1774501800537	17.3690398917801	11.9045934677124	26.1774501800537	20.810681710298	15.5576467514038	0.425218	0.155897	0.048969	0.517717	0.179466	0.038933	pal_bal_045	39.9343000000	0.6737833300
pal_bal_128	38.4004898071289	38.0007203858474	37.2195510864258	38.417236328125	38.0603064633711	37.555305480957	38.3271026611328	37.950489745743	37.2195510864258	38.3659858703613	38.0899207454988	37.7805786132812	26.1774501800537	17.3690398917801	11.9045934677124	26.1774501800537	20.810681710298	15.5576467514038	0.425218	0.155897	0.048969	0.517717	0.179466	0.038933	pan_spaS_025	36.7305670000	-2.0861830000
pal_bal_129	38.3428382873535	37.4680995831544	36.7487602233887	38.3138847351074	37.4901174950874	36.6287155151367	38.3428382873535	37.393198386006	36.7487602233887	38.3795928955078	37.8968560931326	37.1678276062012	28.7930221557617	19.298050669418	12.8867216110229	28.7930221557617	23.3621907289001	17.1729316711426	0.131001	0.056215	0.02927	0.377124	0.105876	0.030726	pal_bal_004	39.9617333300	3.6923666700
pal_bal_130	38.1757125854492	37.4099067052205	36.7555809020996	38.2443885803223	37.4166122962689	36.6232643127441	38.1757125854492	37.3460031487476	36.7555809020996	38.3795928955078	37.8968560931326	37.1678276062012	28.928674697876	19.4404400244526	13.011137008667	28.928674697876	23.522961912484	17.30446434021	0.118205	0.054373	0.029488	0.30714	0.085631	0.028405	pal_bal_143	39.7172830000	3.4782330000
pal_bal_132	38.1605911254883	37.4270314402964	36.8785400390625	38.382755279541	38.0110174654649	37.1678276062012	38.1605911254883	37.3832160248154	36.8785400390625	38.3795928955078	37.8968560931326	37.1678276062012	29.4268989562988	19.481984442678	12.5860109329224	29.4268989562988	23.6521924117516	17.1332874298096	0.118205	0.054373	0.029488	0.30714	0.085631	0.028405	pal_bal_128	42.0625666700	3.2105500000
pal_bal_133	38.2985534667969	37.5099570833403	36.7576713562012	38.3940048217773	37.6684011431448	36.6780853271484	38.2985534667969	37.3985628588446	36.7576713562012	38.403736114502	37.8505948647685	36.8482322692871	28.7763042449951	19.194499700919	13.0583448410034	28.7763042449951	23.2180793806054	16.9907779693604	0.238454	0.069523	0.02918	0.324135	0.079577	0.028353	pal_bal_087	39.9598000000	3.1718833300
pal_bal_134	38.2985534667969	37.5099570833403	36.7576713562012	38.3940048217773	37.6684011431448	36.6780853271484	38.2985534667969	37.3985628588446	36.7576713562012	38.403736114502	37.8505948647685	36.8482322692871	28.7763042449951	19.194499700919	13.0583448410034	28.7763042449951	23.2180793806054	16.9907779693604	0.238454	0.069523	0.02918	0.324135	0.079577	0.028353	pal_bal_129	39.7621333300	3.4772000000
pal_bal_135	38.2876129150391	37.4284568983933	36.748893737793	38.2669258117676	37.4570360987579	36.6200790405273	38.2876129150391	37.3581425458535	36.748893737793	38.3795928955078	37.8968560931326	37.1678276062012	28.8677082061768	19.3885823830791	12.9696578979492	28.8677082061768	23.4604857543419	17.214225769043	0.118205	0.054373	0.029488	0.30714	0.085631	0.028405	pal_bal_068	39.5995333300	2.3392500000
pal_bal_136	38.2876129150391	37.4284568983933	36.748893737793	38.2669258117676	37.4570360987579	36.6200790405273	38.2876129150391	37.3581425458535	36.748893737793	38.3795928955078	37.8968560931326	37.1678276062012	28.8677082061768	19.3885823830791	12.9696578979492	28.8677082061768	23.4604857543419	17.214225769043	0.118205	0.054373	0.029488	0.30714	0.085631	0.028405	pal_bal_090	39.9598000000	3.1718833300
pal_bal_137	38.1422538757324	37.4119596590941	36.8570137023926	38.382755279541	38.0110174654649	37.1678276062012	38.1422538757324	37.3624909061125	36.8570137023926	38.3795928955078	37.8968560931326	37.1678276062012	29.2535762786865	19.4859756519055	12.8210802078247	29.2535762786865	23.6204485180734	17.2633361816406	0.118205	0.054373	0.029488	0.30714	0.085631	0.028405	pan_spaS_048	37.5871170000	-0.6293830000
pal_bal_138	38.1605911254883	37.4270314402964	36.8785400390625	38.382755279541	38.0110174654649	37.1678276062012	38.1605911254883	37.3832160248154	36.8785400390625	38.3795928955078	37.8968560931326	37.1678276062012	29.4268989562988	19.481984442678	12.5860109329224	29.4268989562988	23.6521924117516	17.1332874298096	0.118205	0.054373	0.029488	0.30714	0.085631	0.028405	pan_spaS_009	36.7191500000	-2.1083500000
pal_bal_139	38.1757125854492	37.4099067052205	36.7555809020996	38.2443885803223	37.4166122962689	36.6232643127441	38.1757125854492	37.3460031487476	36.7555809020996	38.3795928955078	37.8968560931326	37.1678276062012	28.928674697876	19.4404400244526	13.011137008667	28.928674697876	23.522961912484	17.30446434021	0.118205	0.054373	0.029488	0.30714	0.085631	0.028405	pal_bal_141	39.7172830000	3.4782330000
pal_bal_140	38.1757125854492	37.4099067052205	36.7555809020996	38.2443885803223	37.4166122962689	36.6232643127441	38.1757125854492	37.3460031487476	36.7555809020996	38.3795928955078	37.8968560931326	37.1678276062012	28.928674697876	19.4404400244526	13.011137008667	28.928674697876	23.522961912484	17.30446434021	0.118205	0.054373	0.029488	0.30714	0.085631	0.028405	pal_bal_170	40.1238330000	3.9812830000
pal_bal_141	38.1757125854492	37.4099067052205	36.7555809020996	38.2443885803223	37.4166122962689	36.6232643127441	38.1757125854492	37.3460031487476	36.7555809020996	38.3795928955078	37.8968560931326	37.1678276062012	28.928674697876	19.4404400244526	13.011137008667	28.928674697876	23.522961912484	17.30446434021	0.118205	0.054373	0.029488	0.30714	0.085631	0.028405	pal_bal_026	39.8722500000	0.6827333300
pal_bal_143	38.1757125854492	37.4099067052205	36.7555809020996	38.2443885803223	37.4166122962689	36.6232643127441	38.1757125854492	37.3460031487476	36.7555809020996	38.3795928955078	37.8968560931326	37.1678276062012	28.928674697876	19.4404400244526	13.011137008667	28.928674697876	23.522961912484	17.30446434021	0.118205	0.054373	0.029488	0.30714	0.085631	0.028405	pal_bal_114	42.3064666700	3.3014000000
pal_bal_144	38.1757125854492	37.4099067052205	36.7555809020996	38.2443885803223	37.4166122962689	36.6232643127441	38.1757125854492	37.3460031487476	36.7555809020996	38.3795928955078	37.8968560931326	37.1678276062012	28.928674697876	19.4404400244526	13.011137008667	28.928674697876	23.522961912484	17.30446434021	0.118205	0.054373	0.029488	0.30714	0.085631	0.028405	pal_bal_106	42.0451166700	3.2265333300
pal_bal_145	38.1757125854492	37.4099067052205	36.7555809020996	38.2443885803223	37.4166122962689	36.6232643127441	38.1757125854492	37.3460031487476	36.7555809020996	38.3795928955078	37.8968560931326	37.1678276062012	28.928674697876	19.4404400244526	13.011137008667	28.928674697876	23.522961912484	17.30446434021	0.118205	0.054373	0.029488	0.30714	0.085631	0.028405	pal_bal_139	39.7172830000	3.4782330000
pal_bal_146	38.2985534667969	37.5099570833403	36.7576713562012	38.3940048217773	37.6684011431448	36.6780853271484	38.2985534667969	37.3985628588446	36.7576713562012	38.403736114502	37.8505948647685	36.8482322692871	28.7763042449951	19.194499700919	13.0583448410034	28.7763042449951	23.2180793806054	16.9907779693604	0.251081	0.072404	0.029227	0.378387	0.106501	0.028362	pan_spaS_029	37.6162700000	-0.6114330000
pal_bal_147	38.2985534667969	37.5099570833403	36.7576713562012	38.3940048217773	37.6684011431448	36.6780853271484	38.2985534667969	37.3985628588446	36.7576713562012	38.403736114502	37.8505948647685	36.8482322692871	28.7763042449951	19.194499700919	13.0583448410034	28.7763042449951	23.2180793806054	16.9907779693604	0.251081	0.072404	0.029227	0.378387	0.106501	0.028362	pal_bal_058	39.9303666700	0.6878000000
pal_bal_148	38.2985534667969	37.5099570833403	36.7576713562012	38.3940048217773	37.6684011431448	36.6780853271484	38.2985534667969	37.3985628588446	36.7576713562012	38.403736114502	37.8505948647685	36.8482322692871	28.7763042449951	19.194499700919	13.0583448410034	28.7763042449951	23.2180793806054	16.9907779693604	0.251081	0.072404	0.029227	0.378387	0.106501	0.028362	pal_bal_116	42.3064666700	3.3014000000
pal_bal_149	38.2985534667969	37.5099570833403	36.7576713562012	38.3940048217773	37.6684011431448	36.6780853271484	38.2985534667969	37.3985628588446	36.7576713562012	38.403736114502	37.8505948647685	36.8482322692871	28.7763042449951	19.194499700919	13.0583448410034	28.7763042449951	23.2180793806054	16.9907779693604	0.251081	0.072404	0.029227	0.378387	0.106501	0.028362	pal_bal_065	40.1390833300	4.1567666700
pal_bal_150	38.2985534667969	37.5099570833403	36.7576713562012	38.3940048217773	37.6684011431448	36.6780853271484	38.2985534667969	37.3985628588446	36.7576713562012	38.403736114502	37.8505948647685	36.8482322692871	28.7763042449951	19.194499700919	13.0583448410034	28.7763042449951	23.2180793806054	16.9907779693604	0.251081	0.072404	0.029227	0.378387	0.106501	0.028362	pal_bal_089	39.9598000000	3.1718833300
pal_bal_151	38.2985534667969	37.5099570833403	36.7576713562012	38.3940048217773	37.6684011431448	36.6780853271484	38.2985534667969	37.3985628588446	36.7576713562012	38.403736114502	37.8505948647685	36.8482322692871	28.7763042449951	19.194499700919	13.0583448410034	28.7763042449951	23.2180793806054	16.9907779693604	0.251081	0.072404	0.029227	0.378387	0.106501	0.028362	pan_spaS_005	36.6872300000	-2.2136000000
pal_bal_152	38.2985534667969	37.5099570833403	36.7576713562012	38.3940048217773	37.6684011431448	36.6780853271484	38.2985534667969	37.3985628588446	36.7576713562012	38.403736114502	37.8505948647685	36.8482322692871	28.7763042449951	19.194499700919	13.0583448410034	28.7763042449951	23.2180793806054	16.9907779693604	0.251081	0.072404	0.029227	0.378387	0.106501	0.028362	pal_bal_046	39.9343000000	0.6737833300
pal_bal_153	38.2985534667969	37.5099570833403	36.7576713562012	38.3940048217773	37.6684011431448	36.6780853271484	38.2985534667969	37.3985628588446	36.7576713562012	38.403736114502	37.8505948647685	36.8482322692871	28.7763042449951	19.194499700919	13.0583448410034	28.7763042449951	23.2180793806054	16.9907779693604	0.251081	0.072404	0.029227	0.378387	0.106501	0.028362	pal_bal_166	40.1247330000	3.9898830000
pal_bal_154	38.1605911254883	37.4270314402964	36.8785400390625	38.382755279541	38.0110174654649	37.1678276062012	38.1605911254883	37.3832160248154	36.8785400390625	38.3795928955078	37.8968560931326	37.1678276062012	29.4268989562988	19.481984442678	12.5860109329224	29.4268989562988	23.6521924117516	17.1332874298096	0.118205	0.054373	0.029488	0.30714	0.085631	0.028405	pal_bal_105	42.0788000000	3.2016666700
pal_bal_155	38.1757125854492	37.4099067052205	36.7555809020996	38.2443885803223	37.4166122962689	36.6232643127441	38.1757125854492	37.3460031487476	36.7555809020996	38.3795928955078	37.8968560931326	37.1678276062012	28.928674697876	19.4404400244526	13.011137008667	28.928674697876	23.522961912484	17.30446434021	0.118205	0.054373	0.029488	0.30714	0.085631	0.028405	pal_bal_120	42.2807230000	3.3185900000
pal_bal_156	38.1757125854492	37.4099067052205	36.7555809020996	38.2443885803223	37.4166122962689	36.6232643127441	38.1757125854492	37.3460031487476	36.7555809020996	38.3795928955078	37.8968560931326	37.1678276062012	28.928674697876	19.4404400244526	13.011137008667	28.928674697876	23.522961912484	17.30446434021	0.118205	0.054373	0.029488	0.30714	0.085631	0.028405	pal_bal_140	39.7172830000	3.4782330000
pal_bal_157	38.1757125854492	37.4099067052205	36.7555809020996	38.2443885803223	37.4166122962689	36.6232643127441	38.1757125854492	37.3460031487476	36.7555809020996	38.3795928955078	37.8968560931326	37.1678276062012	28.928674697876	19.4404400244526	13.011137008667	28.928674697876	23.522961912484	17.30446434021	0.118205	0.054373	0.029488	0.30714	0.085631	0.028405	pan_spaS_004	36.6872300000	-2.2136000000
pal_bal_158	38.1757125854492	37.4099067052205	36.7555809020996	38.2443885803223	37.4166122962689	36.6232643127441	38.1757125854492	37.3460031487476	36.7555809020996	38.3795928955078	37.8968560931326	37.1678276062012	28.928674697876	19.4404400244526	13.011137008667	28.928674697876	23.522961912484	17.30446434021	0.118205	0.054373	0.029488	0.30714	0.085631	0.028405	pal_bal_077	39.7212166700	3.4738000000
pal_bal_159	38.2985534667969	37.5099570833403	36.7576713562012	38.3940048217773	37.6684011431448	36.6780853271484	38.2985534667969	37.3985628588446	36.7576713562012	38.403736114502	37.8505948647685	36.8482322692871	28.7763042449951	19.194499700919	13.0583448410034	28.7763042449951	23.2180793806054	16.9907779693604	0.244575	0.071964	0.029102	0.41238	0.12399	0.030676	pan_spaS_035	37.6453000000	-0.6017170000
pal_bal_160	38.2985534667969	37.5099570833403	36.7576713562012	38.3940048217773	37.6684011431448	36.6780853271484	38.2985534667969	37.3985628588446	36.7576713562012	38.403736114502	37.8505948647685	36.8482322692871	28.7763042449951	19.194499700919	13.0583448410034	28.7763042449951	23.2180793806054	16.9907779693604	0.244575	0.071964	0.029102	0.41238	0.12399	0.030676	pal_bal_050	39.8841666700	0.6447333300
pal_bal_161	38.2985534667969	37.5099570833403	36.7576713562012	38.3940048217773	37.6684011431448	36.6780853271484	38.2985534667969	37.3985628588446	36.7576713562012	38.403736114502	37.8505948647685	36.8482322692871	28.7763042449951	19.194499700919	13.0583448410034	28.7763042449951	23.2180793806054	16.9907779693604	0.244575	0.071964	0.029102	0.41238	0.12399	0.030676	pan_spaS_014	36.7186330000	-2.1052500000
pal_bal_162	38.2985534667969	37.5099570833403	36.7576713562012	38.3940048217773	37.6684011431448	36.6780853271484	38.2985534667969	37.3985628588446	36.7576713562012	38.403736114502	37.8505948647685	36.8482322692871	28.7763042449951	19.194499700919	13.0583448410034	28.7763042449951	23.2180793806054	16.9907779693604	0.244575	0.071964	0.029102	0.41238	0.12399	0.030676	pal_bal_053	39.8420000000	0.6923333300
pal_bal_163	38.2985534667969	37.5099570833403	36.7576713562012	38.3940048217773	37.6684011431448	36.6780853271484	38.2985534667969	37.3985628588446	36.7576713562012	38.403736114502	37.8505948647685	36.8482322692871	28.7763042449951	19.194499700919	13.0583448410034	28.7763042449951	23.2180793806054	16.9907779693604	0.244575	0.071964	0.029102	0.41238	0.12399	0.030676	pal_bal_169	40.1238330000	3.9812830000
pal_bal_164	38.2985534667969	37.5099570833403	36.7576713562012	38.3940048217773	37.6684011431448	36.6780853271484	38.2985534667969	37.3985628588446	36.7576713562012	38.403736114502	37.8505948647685	36.8482322692871	28.7763042449951	19.194499700919	13.0583448410034	28.7763042449951	23.2180793806054	16.9907779693604	0.244575	0.071964	0.029102	0.41238	0.12399	0.030676	pal_bal_094	39.8036000000	4.3922666700
pal_bal_165	38.2985534667969	37.5099570833403	36.7576713562012	38.3940048217773	37.6684011431448	36.6780853271484	38.2985534667969	37.3985628588446	36.7576713562012	38.403736114502	37.8505948647685	36.8482322692871	28.7763042449951	19.194499700919	13.0583448410034	28.7763042449951	23.2180793806054	16.9907779693604	0.244575	0.071964	0.029102	0.41238	0.12399	0.030676	pal_bal_127	42.0625666700	3.2105500000
pal_bal_166	38.2985534667969	37.5099570833403	36.7576713562012	38.3940048217773	37.6684011431448	36.6780853271484	38.2985534667969	37.3985628588446	36.7576713562012	38.403736114502	37.8505948647685	36.8482322692871	28.7763042449951	19.194499700919	13.0583448410034	28.7763042449951	23.2180793806054	16.9907779693604	0.244575	0.071964	0.029102	0.41238	0.12399	0.030676	pal_bal_130	39.7095333300	3.4751000000
pal_bal_167	38.2985534667969	37.5099570833403	36.7576713562012	38.3940048217773	37.6684011431448	36.6780853271484	38.2985534667969	37.3985628588446	36.7576713562012	38.403736114502	37.8505948647685	36.8482322692871	28.7763042449951	19.194499700919	13.0583448410034	28.7763042449951	23.2180793806054	16.9907779693604	0.244575	0.071964	0.029102	0.41238	0.12399	0.030676	pal_bal_061	39.8404500000	4.0629333300
pal_bal_168	38.2985534667969	37.5099570833403	36.7576713562012	38.3940048217773	37.6684011431448	36.6780853271484	38.2985534667969	37.3985628588446	36.7576713562012	38.403736114502	37.8505948647685	36.8482322692871	28.7763042449951	19.194499700919	13.0583448410034	28.7763042449951	23.2180793806054	16.9907779693604	0.244575	0.071964	0.029102	0.41238	0.12399	0.030676	pal_bal_057	39.9303666700	0.6878000000
pal_bal_169	38.2985534667969	37.5099570833403	36.7576713562012	38.3940048217773	37.6684011431448	36.6780853271484	38.2985534667969	37.3985628588446	36.7576713562012	38.403736114502	37.8505948647685	36.8482322692871	28.7763042449951	19.194499700919	13.0583448410034	28.7763042449951	23.2180793806054	16.9907779693604	0.244575	0.071964	0.029102	0.41238	0.12399	0.030676	pan_spaS_031	37.6314170000	-0.6021000000
pal_bal_170	38.2985534667969	37.5099570833403	36.7576713562012	38.3940048217773	37.6684011431448	36.6780853271484	38.2985534667969	37.3985628588446	36.7576713562012	38.403736114502	37.8505948647685	36.8482322692871	28.7763042449951	19.194499700919	13.0583448410034	28.7763042449951	23.2180793806054	16.9907779693604	0.244575	0.071964	0.029102	0.41238	0.12399	0.030676	pan_spaS_022	36.7536670000	-2.0649500000
pal_bal_171	38.2985534667969	37.5099570833403	36.7576713562012	38.3940048217773	37.6684011431448	36.6780853271484	38.2985534667969	37.3985628588446	36.7576713562012	38.403736114502	37.8505948647685	36.8482322692871	28.7763042449951	19.194499700919	13.0583448410034	28.7763042449951	23.2180793806054	16.9907779693604	0.244575	0.071964	0.029102	0.41238	0.12399	0.030676	pal_bal_086	39.9598000000	3.1718833300
pal_bal_172	38.3989906311035	37.524312753787	36.8217620849609	38.382755279541	38.0110174654649	37.1678276062012	38.3989906311035	37.44968280573	36.8304405212402	38.3795928955078	37.8968560931326	37.1678276062012	29.039400100708	19.2801955294335	12.7358083724976	29.039400100708	23.408140478463	16.9359836578369	0.122104	0.056443	0.029235	0.186569	0.061491	0.027987	pan_spaS_010	36.8021170000	-1.9913170000
pal_bal_173	38.3190002441406	37.4463965207681	36.747688293457	38.2890548706055	37.4839697021177	36.6187705993652	38.3190002441406	37.3698795800922	36.747688293457	38.3795928955078	37.8968560931326	37.1678276062012	28.827938079834	19.3419552342645	12.9562072753906	28.827938079834	23.403241047914	17.1788959503174	0.134997	0.056598	0.029213	0.423728	0.129099	0.032381	pal_bal_084	39.7423500000	3.4597500000
pal_bal_174	38.3190002441406	37.4463965207681	36.747688293457	38.2890548706055	37.4839697021177	36.6187705993652	38.3190002441406	37.3698795800922	36.747688293457	38.3795928955078	37.8968560931326	37.1678276062012	28.827938079834	19.3419552342645	12.9562072753906	28.827938079834	23.403241047914	17.1788959503174	0.134997	0.056598	0.029213	0.423728	0.129099	0.032381	pal_bal_006	39.8726333300	3.4355666700
pal_bal_175	38.3190002441406	37.4463965207681	36.747688293457	38.2890548706055	37.4839697021177	36.6187705993652	38.3190002441406	37.3698795800922	36.747688293457	38.3795928955078	37.8968560931326	37.1678276062012	28.827938079834	19.3419552342645	12.9562072753906	28.827938079834	23.403241047914	17.1788959503174	0.134997	0.056598	0.029213	0.423728	0.129099	0.032381	pal_bal_056	39.9343500000	0.6881666700
pal_bal_176	38.3190002441406	37.4463965207681	36.747688293457	38.2890548706055	37.4839697021177	36.6187705993652	38.3190002441406	37.3698795800922	36.747688293457	38.3795928955078	37.8968560931326	37.1678276062012	28.827938079834	19.3419552342645	12.9562072753906	28.827938079834	23.403241047914	17.1788959503174	0.134997	0.056598	0.029213	0.423728	0.129099	0.032381	pal_bal_074	39.8804166700	3.7966166700
pal_bal_177	38.3190002441406	37.4463965207681	36.747688293457	38.2890548706055	37.4839697021177	36.6187705993652	38.3190002441406	37.3698795800922	36.747688293457	38.3795928955078	37.8968560931326	37.1678276062012	28.827938079834	19.3419552342645	12.9562072753906	28.827938079834	23.403241047914	17.1788959503174	0.134997	0.056598	0.029213	0.423728	0.129099	0.032381	pal_bal_029	39.9105833300	0.6850000000
pal_bal_178	38.3190002441406	37.4463965207681	36.747688293457	38.2890548706055	37.4839697021177	36.6187705993652	38.3190002441406	37.3698795800922	36.747688293457	38.3795928955078	37.8968560931326	37.1678276062012	28.827938079834	19.3419552342645	12.9562072753906	28.827938079834	23.403241047914	17.1788959503174	0.134997	0.056598	0.029213	0.423728	0.129099	0.032381	pal_bal_079	39.7700500000	4.2707166700
pal_bal_179	38.3190002441406	37.4463965207681	36.747688293457	38.2890548706055	37.4839697021177	36.6187705993652	38.3190002441406	37.3698795800922	36.747688293457	38.3795928955078	37.8968560931326	37.1678276062012	28.827938079834	19.3419552342645	12.9562072753906	28.827938079834	23.403241047914	17.1788959503174	0.134997	0.056598	0.029213	0.423728	0.129099	0.032381	pal_bal_121	42.2807230000	3.3185900000
pal_bal_180	38.3190002441406	37.4463965207681	36.747688293457	38.2890548706055	37.4839697021177	36.6187705993652	38.3190002441406	37.3698795800922	36.747688293457	38.3795928955078	37.8968560931326	37.1678276062012	28.827938079834	19.3419552342645	12.9562072753906	28.827938079834	23.403241047914	17.1788959503174	0.134997	0.056598	0.029213	0.423728	0.129099	0.032381	pal_bal_064	40.1342833300	4.1394166700
pal_bal_181	38.3190002441406	37.4463965207681	36.747688293457	38.2890548706055	37.4839697021177	36.6187705993652	38.3190002441406	37.3698795800922	36.747688293457	38.3795928955078	37.8968560931326	37.1678276062012	28.827938079834	19.3419552342645	12.9562072753906	28.827938079834	23.403241047914	17.1788959503174	0.134997	0.056598	0.029213	0.423728	0.129099	0.032381	pal_bal_109	42.0474666700	3.2268833300
pal_bal_182	38.3190002441406	37.4463965207681	36.747688293457	38.2890548706055	37.4839697021177	36.6187705993652	38.3190002441406	37.3698795800922	36.747688293457	38.3795928955078	37.8968560931326	37.1678276062012	28.827938079834	19.3419552342645	12.9562072753906	28.827938079834	23.403241047914	17.1788959503174	0.134997	0.056598	0.029213	0.423728	0.129099	0.032381	pan_spaS_040	37.6566000000	-0.5923670000
pal_medit_001	39.3452682495117	37.5465034068316	36.8534774780273	39.350643157959	37.640176542874	36.9029235839844	39.3452682495117	37.4838456997926	36.8534774780273	38.3795928955078	37.8968560931326	37.1678276062012	28.3462066650391	18.9072281245528	12.3751010894775	28.3462066650391	22.9288916039741	15.7801294326782	0.353424	0.105261	0.053287	0.431884	0.113723	0.03867	pal_bal_101	39.1326666700	2.9223333300
pal_medit_002	39.3452682495117	37.5465034068316	36.8534774780273	39.350643157959	37.640176542874	36.9029235839844	39.3452682495117	37.4838456997926	36.8534774780273	38.3795928955078	37.8968560931326	37.1678276062012	28.3462066650391	18.9072281245528	12.3751010894775	28.3462066650391	22.9288916039741	15.7801294326782	0.353424	0.105261	0.053287	0.431884	0.113723	0.03867	pal_bal_162	40.1270000000	3.9921670000
pal_medit_003	39.3452682495117	37.5465034068316	36.8534774780273	39.350643157959	37.640176542874	36.9029235839844	39.3452682495117	37.4838456997926	36.8534774780273	38.3795928955078	37.8968560931326	37.1678276062012	28.3462066650391	18.9072281245528	12.3751010894775	28.3462066650391	22.9288916039741	15.7801294326782	0.353424	0.105261	0.053287	0.431884	0.113723	0.03867	pal_bal_027	39.8991333300	0.6763000000
pal_medit_004	38.9667739868164	37.5056393064302	36.7857894897461	39.1415786743164	37.7553928620057	36.9102821350098	38.9667739868164	37.434750304825	36.7857894897461	38.3795928955078	37.8968560931326	37.1678276062012	28.3374977111816	18.9657191271069	12.6312122344971	28.3374977111816	22.9540034710676	15.9163370132446	0.353247	0.104642	0.052601	0.534492	0.384805	0.164069	pal_bal_054	39.9343500000	0.6881666700
pal_medit_005	38.895580291748	37.5273789592173	36.7862205505371	39.037239074707	37.713217880534	36.9351844787598	38.895580291748	37.4551954817498	36.7862205505371	38.3795928955078	37.8968560931326	37.1678276062012	28.3376121520996	18.9492000053669	12.5402526855469	28.3376121520996	22.9560404810412	15.9130058288574	0.354921	0.109093	0.05526	0.496792	0.356864	0.159375	pal_bal_100	39.1326666700	2.9223333300
pal_medit_006	38.895580291748	37.5273789592173	36.7862205505371	39.037239074707	37.713217880534	36.9351844787598	38.895580291748	37.4551954817498	36.7862205505371	38.3795928955078	37.8968560931326	37.1678276062012	28.3376121520996	18.9492000053669	12.5402526855469	28.3376121520996	22.9560404810412	15.9130058288574	0.354921	0.109093	0.05526	0.496792	0.356864	0.159375	pal_bal_002	39.9724166700	3.6624333300
pal_medit_007	38.4058799743652	38.0144489989884	37.1585464477539	38.4789009094238	38.0533343287111	37.2898788452148	38.3716201782227	37.9682266191504	37.1585464477539	38.3353996276855	38.0494006255577	37.7548217773438	28.1807823181152	18.5145786795123	12.4295225143433	28.1807823181152	22.5161761360607	15.6456184387207	0.590352	0.235647	0.077612	0.076495	0.038822	0.023847	pal_bal_005	39.9617333300	3.6923666700
pal_spaAL_001	38.1628189086914	37.0438294027043	36.3498954772949	38.5285568237305	37.4602160496426	36.3604278564453	37.7808532714844	36.8940913320958	36.3498954772949	38.5285568237305	37.7442851231016	36.9975547790527	28.232889175415	19.4354372654838	13.4083385467529	28.232889175415	23.1899650836813	17.0488681793213	0.591929	0.12071	0.045994	0.458249	0.332482	0.146543	pal_bal_095	39.7744500000	4.3800000000
pal_spaAL_002	38.1628189086914	37.0438294027043	36.3498954772949	38.5285568237305	37.4602160496426	36.3604278564453	37.7808532714844	36.8940913320958	36.3498954772949	38.5285568237305	37.7442851231016	36.9975547790527	28.232889175415	19.4354372654838	13.4083385467529	28.232889175415	23.1899650836813	17.0488681793213	0.591929	0.12071	0.045994	0.458249	0.332482	0.146543	pan_spaS_030	37.6162700000	-0.6114330000
pal_spaAL_003	38.1628189086914	37.0438294027043	36.3498954772949	38.5285568237305	37.4602160496426	36.3604278564453	37.7808532714844	36.8940913320958	36.3498954772949	38.5285568237305	37.7442851231016	36.9975547790527	28.232889175415	19.4354372654838	13.4083385467529	28.232889175415	23.1899650836813	17.0488681793213	0.591929	0.12071	0.045994	0.458249	0.332482	0.146543	pan_spaS_021	36.7536670000	-2.0649500000
pal_spaAL_004	38.1903228759766	37.0795534287376	36.3680267333984	38.5232353210449	37.457652042652	36.3838539123535	37.8406753540039	36.9258482922083	36.3680267333984	38.5232353210449	37.7113310276777	36.9591598510742	28.2223377227783	19.4394440705749	13.3188142776489	28.2223377227783	23.2460538162582	16.9827423095703	0.591929	0.12071	0.045994	0.458249	0.332482	0.146543	pan_spaS_018	36.7253000000	-2.0830670000
pal_spaAL_005	38.1903228759766	37.0795534287376	36.3680267333984	38.5232353210449	37.457652042652	36.3838539123535	37.8406753540039	36.9258482922083	36.3680267333984	38.5232353210449	37.7113310276777	36.9591598510742	28.2223377227783	19.4394440705749	13.3188142776489	28.2223377227783	23.2460538162582	16.9827423095703	0.591929	0.12071	0.045994	0.458249	0.332482	0.146543	pan_spaS_038	37.6635560000	-0.5941110000
pal_spaAL_006	38.1903228759766	37.0795534287376	36.3680267333984	38.5232353210449	37.457652042652	36.3838539123535	37.8406753540039	36.9258482922083	36.3680267333984	38.5232353210449	37.7113310276777	36.9591598510742	28.2223377227783	19.4394440705749	13.3188142776489	28.2223377227783	23.2460538162582	16.9827423095703	0.591929	0.12071	0.045994	0.458249	0.332482	0.146543	pan_spaS_049	37.5871170000	-0.6293830000
pan_fra_005	38.4332427978516	37.8079296528608	36.6006355285645	38.382755279541	38.0110174654649	37.1678276062012	38.4332427978516	37.9051088355053	36.8395233154297	38.3795928955078	37.8968560931326	37.1678276062012	25.9498405456543	16.3831901605102	9.74482536315918	25.9498405456543	19.861223714105	14.2470741271973	1.006685	0.29079	0.062301	0.764485	0.250803	0.046465	pan_spaS_016	36.7131170000	-2.1148170000
pan_fra_006	38.5460548400879	37.87586890692	36.8926277160645	38.382755279541	38.0110174654649	37.1678276062012	38.5460548400879	37.9504153810698	37.2682914733887	38.3795928955078	37.8968560931326	37.1678276062012	26.0081233978271	16.3797572810074	9.64535522460938	26.0081233978271	19.9832102293256	13.9451122283936	0.796011	0.230293	0.054062	0.683506	0.263577	0.059794	pal_bal_092	39.8281666700	3.3765166700
pan_fra_007	38.5209045410156	37.8615986944615	36.8369636535645	38.382755279541	38.0110174654649	37.1678276062012	38.5209045410156	37.9380846571648	37.2127456665039	38.3795928955078	37.8968560931326	37.1678276062012	26.0153827667236	16.4185854045824	9.83964347839355	26.0153827667236	20.001320899218	14.1943445205688	0.940433	0.274135	0.061793	0.739818	0.244639	0.045425	pal_medit_007	41.1475000000	1.7945000000
pan_fra_008	38.4637184143066	37.9587258963749	36.9491920471191	38.382755279541	38.0110174654649	37.1678276062012	38.4637184143066	37.9440994262695	36.9491920471191	38.3795928955078	37.8968560931326	37.1678276062012	26.0950450897217	16.8196650757187	9.83756160736084	26.0950450897217	20.41970520458	14.5658760070801	0.545516	0.179689	0.047511	0.605198	0.185634	0.043044	pan_fra_006	43.2405900000	3.4320950000
pan_fra_009	38.4711837768555	37.954002676339	36.9596633911133	38.382755279541	38.0110174654649	37.1678276062012	38.4711837768555	37.9430510422279	36.9596633911133	38.3795928955078	37.8968560931326	37.1678276062012	26.0666942596436	16.7907519285706	9.84675025939941	26.0666942596436	20.3966873212792	14.6180477142334	0.57969	0.190799	0.050274	0.628461	0.190844	0.041782	pan_spaS_043	37.1675830000	-1.8112500000
pan_spaS_001	38.0251235961914	36.8556812330224	36.1750717163086	38.4330978393555	37.3437302917273	36.1748275756836	37.8653411865234	36.7299824637928	36.1750717163086	38.2925643920898	37.7837316761528	36.3892631530762	27.9587383270264	19.1629940504315	13.8967332839966	27.9587383270264	22.5270293005582	16.8617992401123	0.783467	0.138836	0.040093	0.273161	0.173779	0.070577	pal_bal_088	39.9598000000	3.1718833300
pan_spaS_002	38.0388069152832	36.8722863690606	36.1731376647949	38.1718063354492	36.9841067690502	36.1728706359863	37.9360694885254	36.7444629669189	36.1731376647949	38.3795928955078	37.8968560931326	37.1678276062012	27.9921379089355	19.1839890808895	13.8640947341919	27.9921379089355	22.5803975401254	16.8632984161377	0.770255	0.138007	0.040384	0.271626	0.173306	0.070806	pal_bal_051	39.9387166700	0.6667500000
pan_spaS_003	38.0388069152832	36.8722863690606	36.1731376647949	38.1718063354492	36.9841067690502	36.1728706359863	37.9360694885254	36.7444629669189	36.1731376647949	38.3795928955078	37.8968560931326	37.1678276062012	27.9921379089355	19.1839890808895	13.8640947341919	27.9921379089355	22.5803975401254	16.8632984161377	0.783467	0.138836	0.040093	0.273161	0.173779	0.070577	pan_spaS_019	36.7253000000	-2.0830670000
pan_spaS_004	37.9627952575684	36.762824431233	36.1253433227539	38.3446922302246	37.2155551591512	36.1519012451172	37.6582565307617	36.6237482750553	36.1253433227539	38.2451972961426	37.5556567016689	36.3988876342773	27.6259860992432	18.9747454325358	13.8519868850708	27.6259860992432	22.1239942134112	16.4382724761963	1.007017	0.157469	0.040477	0.086131	0.054945	0.037997	pan_spaS_036	37.6453000000	-0.6017170000
pan_spaS_005	37.9627952575684	36.762824431233	36.1253433227539	38.3446922302246	37.2155551591512	36.1519012451172	37.6582565307617	36.6237482750553	36.1253433227539	38.2451972961426	37.5556567016689	36.3988876342773	27.6259860992432	18.9747454325358	13.8519868850708	27.6259860992432	22.1239942134112	16.4382724761963	1.007017	0.157469	0.040477	0.086131	0.054945	0.037997	pal_bal_031	39.8553333300	0.6701666700
pan_spaS_006	37.9627952575684	36.762824431233	36.1253433227539	38.3446922302246	37.2155551591512	36.1519012451172	37.6582565307617	36.6237482750553	36.1253433227539	38.2451972961426	37.5556567016689	36.3988876342773	27.6259860992432	18.9747454325358	13.8519868850708	27.6259860992432	22.1239942134112	16.4382724761963	1.007017	0.157469	0.040477	0.086131	0.054945	0.037997	pal_spaAL_001	38.1498400000	-0.3728900000
pan_spaS_007	37.9568328857422	36.7666630909361	36.1270751953125	38.3534812927246	37.2407118917882	36.1629943847656	37.6637496948242	36.6296671944103	36.1270751953125	38.3025588989258	37.7129131258676	36.4182510375977	27.6711101531982	18.9860662153397	13.8831491470337	27.6711101531982	22.1462477212665	16.4282855987549	0.995615	0.156648	0.040431	0.029564	0.022294	0.017456	pan_fra_007	43.2627200000	3.5011220000
pan_spaS_008	37.9568328857422	36.7666630909361	36.1270751953125	38.3534812927246	37.2407118917882	36.1629943847656	37.6637496948242	36.6296671944103	36.1270751953125	38.3025588989258	37.7129131258676	36.4182510375977	27.6711101531982	18.9860662153397	13.8831491470337	27.6711101531982	22.1462477212665	16.4282855987549	0.995615	0.156648	0.040431	0.029564	0.022294	0.017456	pan_spaS_015	36.7131170000	-2.1148170000
pan_spaS_009	37.9568328857422	36.7666630909361	36.1270751953125	38.3534812927246	37.2407118917882	36.1629943847656	37.6637496948242	36.6296671944103	36.1270751953125	38.3025588989258	37.7129131258676	36.4182510375977	27.6711101531982	18.9860662153397	13.8831491470337	27.6711101531982	22.1462477212665	16.4282855987549	0.995615	0.156648	0.040431	0.029564	0.022294	0.017456	pan_spaS_044	37.5301670000	-0.9598330000
pan_spaS_010	38.0181427001953	36.8387413682609	36.1648406982422	38.4505310058594	37.2764241996853	36.1645774841309	37.8462562561035	36.7091888997747	36.1648406982422	38.2476387023926	37.6325332451597	36.448070526123	27.9169502258301	19.1013035746827	13.9188833236694	27.9169502258301	22.4071399754491	16.5220146179199	0.887338	0.149166	0.040362	0.005724	0.005576	0.005296	pal_bal_083	39.7423500000	3.4597500000
pan_spaS_011	38.0181427001953	36.8387413682609	36.1648406982422	38.4505310058594	37.2764241996853	36.1645774841309	37.8462562561035	36.7091888997747	36.1648406982422	38.2476387023926	37.6325332451597	36.448070526123	27.9169502258301	19.1013035746827	13.9188833236694	27.9169502258301	22.4071399754491	16.5220146179199	0.887338	0.149166	0.040362	0.005724	0.005576	0.005296	pan_spaS_046	37.5871170000	-0.6293830000
pan_spaS_012	38.0181427001953	36.8387413682609	36.1648406982422	38.4505310058594	37.2764241996853	36.1645774841309	37.8462562561035	36.7091888997747	36.1648406982422	38.2476387023926	37.6325332451597	36.448070526123	27.9169502258301	19.1013035746827	13.9188833236694	27.9169502258301	22.4071399754491	16.5220146179199	0.887338	0.149166	0.040362	0.005724	0.005576	0.005296	pal_bal_032	39.8553333300	0.6701666700
pan_spaS_013	37.9568328857422	36.7666630909361	36.1270751953125	38.3534812927246	37.2407118917882	36.1629943847656	37.6637496948242	36.6296671944103	36.1270751953125	38.3025588989258	37.7129131258676	36.4182510375977	27.6711101531982	18.9860662153397	13.8831491470337	27.6711101531982	22.1462477212665	16.4282855987549	0.995615	0.156648	0.040431	0.029564	0.022294	0.017456	pal_medit_001	39.2683300000	-0.1825800000
pan_spaS_014	37.9568328857422	36.7666630909361	36.1270751953125	38.3534812927246	37.2407118917882	36.1629943847656	37.6637496948242	36.6296671944103	36.1270751953125	38.3025588989258	37.7129131258676	36.4182510375977	27.6711101531982	18.9860662153397	13.8831491470337	27.6711101531982	22.1462477212665	16.4282855987549	0.995615	0.156648	0.040431	0.029564	0.022294	0.017456	pal_spaAL_002	38.1498400000	-0.3728900000
pan_spaS_015	37.9568328857422	36.7666630909361	36.1270751953125	38.3534812927246	37.2407118917882	36.1629943847656	37.6637496948242	36.6296671944103	36.1270751953125	38.3025588989258	37.7129131258676	36.4182510375977	27.6711101531982	18.9860662153397	13.8831491470337	27.6711101531982	22.1462477212665	16.4282855987549	0.995615	0.156648	0.040431	0.029564	0.022294	0.017456	pan_fra_008	42.5399900000	3.0832050000
pan_spaS_016	37.9568328857422	36.7666630909361	36.1270751953125	38.3534812927246	37.2407118917882	36.1629943847656	37.6637496948242	36.6296671944103	36.1270751953125	38.3025588989258	37.7129131258676	36.4182510375977	27.6711101531982	18.9860662153397	13.8831491470337	27.6711101531982	22.1462477212665	16.4282855987549	0.995615	0.156648	0.040431	0.029564	0.022294	0.017456	pal_bal_110	41.9638250000	3.2457100000
pan_spaS_017	37.9568328857422	36.7666630909361	36.1270751953125	38.3534812927246	37.2407118917882	36.1629943847656	37.6637496948242	36.6296671944103	36.1270751953125	38.3025588989258	37.7129131258676	36.4182510375977	27.6711101531982	18.9860662153397	13.8831491470337	27.6711101531982	22.1462477212665	16.4282855987549	0.995615	0.156648	0.040431	0.029564	0.022294	0.017456	pal_bal_081	39.7704333300	4.3241666700
pan_spaS_018	38.0009384155273	36.8127610656037	36.163631439209	38.4517936706543	37.3114351085236	36.1634101867676	37.7761917114258	36.6801936050941	36.163631439209	38.3157691955566	37.7686160113163	36.4470367431641	27.8468608856201	19.048969720972	13.9240245819092	27.8468608856201	22.2993985647443	16.3561382293701	0.936391	0.152046	0.040309	0.005364	0.005241	0.004967	pan_spaS_034	37.6453000000	-0.6017170000
pan_spaS_019	38.0009384155273	36.8127610656037	36.163631439209	38.4517936706543	37.3114351085236	36.1634101867676	37.7761917114258	36.6801936050941	36.163631439209	38.3157691955566	37.7686160113163	36.4470367431641	27.8468608856201	19.048969720972	13.9240245819092	27.8468608856201	22.2993985647443	16.3561382293701	0.936391	0.152046	0.040309	0.005364	0.005241	0.004967	pal_bal_059	39.9389333300	0.6881500000
pan_spaS_020	38.0009384155273	36.8127610656037	36.163631439209	38.4517936706543	37.3114351085236	36.1634101867676	37.7761917114258	36.6801936050941	36.163631439209	38.3157691955566	37.7686160113163	36.4470367431641	27.8468608856201	19.048969720972	13.9240245819092	27.8468608856201	22.2993985647443	16.3561382293701	0.957832	0.153812	0.040358	0.043051	0.030854	0.023714	pan_spaS_020	36.7536670000	-2.0649500000
pan_spaS_021	38.0009384155273	36.8127610656037	36.163631439209	38.4517936706543	37.3114351085236	36.1634101867676	37.7761917114258	36.6801936050941	36.163631439209	38.3157691955566	37.7686160113163	36.4470367431641	27.8468608856201	19.048969720972	13.9240245819092	27.8468608856201	22.2993985647443	16.3561382293701	0.957832	0.153812	0.040358	0.043051	0.030854	0.023714	pal_medit_002	39.2683300000	-0.1825800000
pan_spaS_022	38.0009384155273	36.8127610656037	36.163631439209	38.4517936706543	37.3114351085236	36.1634101867676	37.7761917114258	36.6801936050941	36.163631439209	38.3157691955566	37.7686160113163	36.4470367431641	27.8468608856201	19.048969720972	13.9240245819092	27.8468608856201	22.2993985647443	16.3561382293701	0.957832	0.153812	0.040358	0.043051	0.030854	0.023714	pal_spaAL_003	38.1498400000	-0.3728900000
pan_spaS_024	38.0009384155273	36.8127610656037	36.163631439209	38.4517936706543	37.3114351085236	36.1634101867676	37.7761917114258	36.6801936050941	36.163631439209	38.3157691955566	37.7686160113163	36.4470367431641	27.8468608856201	19.048969720972	13.9240245819092	27.8468608856201	22.2993985647443	16.3561382293701	0.995615	0.156648	0.040431	0.029564	0.022294	0.017456	pan_fra_009	42.6373200000	3.0525430000
pan_spaS_025	38.0009384155273	36.8127610656037	36.163631439209	38.4517936706543	37.3114351085236	36.1634101867676	37.7761917114258	36.6801936050941	36.163631439209	38.3157691955566	37.7686160113163	36.4470367431641	27.8468608856201	19.048969720972	13.9240245819092	27.8468608856201	22.2993985647443	16.3561382293701	0.995615	0.156648	0.040431	0.029564	0.022294	0.017456	pan_spaS_013	36.7186330000	-2.1052500000
pan_spaS_026	38.0009384155273	36.8127610656037	36.163631439209	38.4517936706543	37.3114351085236	36.1634101867676	37.7761917114258	36.6801936050941	36.163631439209	38.3157691955566	37.7686160113163	36.4470367431641	27.8468608856201	19.048969720972	13.9240245819092	27.8468608856201	22.2993985647443	16.3561382293701	0.995615	0.156648	0.040431	0.029564	0.022294	0.017456	pal_bal_062	39.8404500000	4.0629333300
pan_spaS_027	38.1311454772949	36.9321803498542	36.1635131835938	38.3234939575195	37.2792836605817	36.1632270812988	37.9156723022461	36.7899629877902	36.1635131835938	38.1669082641602	37.6045792459071	36.4725761413574	28.1944427490234	19.278290104592	13.8525772094727	28.1944427490234	22.7503613219864	16.7798328399658	0.655501	0.129032	0.039759	0.009702	0.008662	0.007884	pan_spaS_052	37.5871170000	-0.6293830000
pan_spaS_028	38.0808067321777	36.9771827719677	36.304328918457	38.2479820251465	37.3163765294994	36.3342361450195	37.8267631530762	36.8256974275085	36.304328918457	38.3795928955078	37.8968560931326	37.1678276062012	28.5236530303955	19.3648584820758	13.4195871353149	28.5236530303955	22.9691216041302	16.9225654602051	0.648163	0.124156	0.039915	0.347546	0.239846	0.114042	pan_spaS_027	37.4018670000	-1.5562000000
pan_spaS_029	38.0808067321777	36.9771827719677	36.304328918457	38.2479820251465	37.3163765294994	36.3342361450195	37.8267631530762	36.8256974275085	36.304328918457	38.3795928955078	37.8968560931326	37.1678276062012	28.5236530303955	19.3648584820758	13.4195871353149	28.5236530303955	22.9691216041302	16.9225654602051	0.648163	0.124156	0.039915	0.347546	0.239846	0.114042	pan_spaS_032	37.6314170000	-0.6021000000
pan_spaS_030	38.0808067321777	36.9771827719677	36.304328918457	38.2479820251465	37.3163765294994	36.3342361450195	37.8267631530762	36.8256974275085	36.304328918457	38.3795928955078	37.8968560931326	37.1678276062012	28.5236530303955	19.3648584820758	13.4195871353149	28.5236530303955	22.9691216041302	16.9225654602051	0.648163	0.124156	0.039915	0.347546	0.239846	0.114042	pal_medit_003	39.2683300000	-0.1825800000
pan_spaS_031	38.0808067321777	36.9771827719677	36.304328918457	38.2479820251465	37.3163765294994	36.3342361450195	37.8267631530762	36.8256974275085	36.304328918457	38.3795928955078	37.8968560931326	37.1678276062012	28.5236530303955	19.3648584820758	13.4195871353149	28.5236530303955	22.9691216041302	16.9225654602051	0.648163	0.124156	0.039915	0.347546	0.239846	0.114042	pal_spaAL_004	38.1630000000	-0.3747500000
pan_spaS_032	38.0808067321777	36.9771827719677	36.304328918457	38.2479820251465	37.3163765294994	36.3342361450195	37.8267631530762	36.8256974275085	36.304328918457	38.3795928955078	37.8968560931326	37.1678276062012	28.5236530303955	19.3648584820758	13.4195871353149	28.5236530303955	22.9691216041302	16.9225654602051	0.648163	0.124156	0.039915	0.347546	0.239846	0.114042	pan_spaS_039	37.6635560000	-0.5941110000
pan_spaS_033	38.0808067321777	36.9771827719677	36.304328918457	38.2479820251465	37.3163765294994	36.3342361450195	37.8267631530762	36.8256974275085	36.304328918457	38.3795928955078	37.8968560931326	37.1678276062012	28.5236530303955	19.3648584820758	13.4195871353149	28.5236530303955	22.9691216041302	16.9225654602051	0.648163	0.124156	0.039915	0.347546	0.239846	0.114042	pan_spaS_006	36.6872300000	-2.2136000000
pan_spaS_034	38.0808067321777	36.9771827719677	36.304328918457	38.2479820251465	37.3163765294994	36.3342361450195	37.8267631530762	36.8256974275085	36.304328918457	38.3795928955078	37.8968560931326	37.1678276062012	28.5236530303955	19.3648584820758	13.4195871353149	28.5236530303955	22.9691216041302	16.9225654602051	0.648163	0.124156	0.039915	0.347546	0.239846	0.114042	pan_spaS_037	37.6635560000	-0.5941110000
pan_spaS_035	38.0808067321777	36.9771827719677	36.304328918457	38.2479820251465	37.3163765294994	36.3342361450195	37.8267631530762	36.8256974275085	36.304328918457	38.3795928955078	37.8968560931326	37.1678276062012	28.5236530303955	19.3648584820758	13.4195871353149	28.5236530303955	22.9691216041302	16.9225654602051	0.648163	0.124156	0.039915	0.347546	0.239846	0.114042	pal_bal_052	39.9387166700	0.6667500000
pan_spaS_036	38.0808067321777	36.9771827719677	36.304328918457	38.2479820251465	37.3163765294994	36.3342361450195	37.8267631530762	36.8256974275085	36.304328918457	38.3795928955078	37.8968560931326	37.1678276062012	28.5236530303955	19.3648584820758	13.4195871353149	28.5236530303955	22.9691216041302	16.9225654602051	0.648163	0.124156	0.039915	0.347546	0.239846	0.114042	pal_bal_091	39.8281666700	3.3765166700
pan_spaS_037	38.1005058288574	37.0028455120394	36.3118057250977	38.2443733215332	37.3002552839988	36.3347587585449	37.8358573913574	36.8514200846354	36.3118057250977	38.3795928955078	37.8968560931326	37.1678276062012	28.4781150817871	19.371959530074	13.3551635742188	28.4781150817871	23.0152969689205	16.9438877105713	0.648163	0.124156	0.039915	0.347546	0.239846	0.114042	pal_medit_004	39.2759200000	-0.1370800000
pan_spaS_038	38.1005058288574	37.0028455120394	36.3118057250977	38.2443733215332	37.3002552839988	36.3347587585449	37.8358573913574	36.8514200846354	36.3118057250977	38.3795928955078	37.8968560931326	37.1678276062012	28.4781150817871	19.371959530074	13.3551635742188	28.4781150817871	23.0152969689205	16.9438877105713	0.648163	0.124156	0.039915	0.347546	0.239846	0.114042	pal_spaAL_005	38.1630000000	-0.3747500000
pan_spaS_039	38.1005058288574	37.0028455120394	36.3118057250977	38.2443733215332	37.3002552839988	36.3347587585449	37.8358573913574	36.8514200846354	36.3118057250977	38.3795928955078	37.8968560931326	37.1678276062012	28.4781150817871	19.371959530074	13.3551635742188	28.4781150817871	23.0152969689205	16.9438877105713	0.648163	0.124156	0.039915	0.347546	0.239846	0.114042	pan_spaS_051	37.5871170000	-0.6293830000
pan_spaS_040	38.0753135681152	36.9704020708457	36.2987670898438	38.4027557373047	37.4652789314214	36.3220062255859	37.8095359802246	36.8239160954267	36.2987670898438	38.3796348571777	37.8054003485318	36.8948974609375	28.5426616668701	19.3900209706405	13.421480178833	28.5426616668701	23.0024619814993	17.0076847076416	0.648163	0.124156	0.039915	0.347546	0.239846	0.114042	pan_spaS_045	37.5301670000	-0.9598330000
pan_spaS_041	38.0753135681152	36.9704020708457	36.2987670898438	38.4027557373047	37.4652789314214	36.3220062255859	37.8095359802246	36.8239160954267	36.2987670898438	38.3796348571777	37.8054003485318	36.8948974609375	28.5426616668701	19.3900209706405	13.421480178833	28.5426616668701	23.0024619814993	17.0076847076416	0.648163	0.124156	0.039915	0.347546	0.239846	0.114042	pan_spaS_011	36.8021170000	-1.9913170000
pan_spaS_042	38.0753135681152	36.9704020708457	36.2987670898438	38.4027557373047	37.4652789314214	36.3220062255859	37.8095359802246	36.8239160954267	36.2987670898438	38.3796348571777	37.8054003485318	36.8948974609375	28.5426616668701	19.3900209706405	13.421480178833	28.5426616668701	23.0024619814993	17.0076847076416	0.648163	0.124156	0.039915	0.347546	0.239846	0.114042	pal_bal_042	39.8263166700	0.6785166700
pan_spaS_043	38.0760078430176	36.8919441179297	36.1680526733398	38.3870162963867	37.3287443511787	36.1677284240723	37.9579010009766	36.7608277770295	36.1680526733398	38.2197227478027	37.6789351057732	36.398006439209	28.0310306549072	19.2177872301518	13.882004737854	28.0310306549072	22.6396984779972	16.9087657928467	0.641584	0.126494	0.039727	0.008274	0.007648	0.007219	pal_bal_041	39.8263166700	0.6785166700
pan_spaS_044	38.0873870849609	36.9514880783256	36.197624206543	38.3331298828125	37.4618034193384	36.2636184692383	37.8085441589355	36.8078284428037	36.197624206543	38.3299522399902	37.8342132641438	36.7497940063477	28.4071941375732	19.3870531882363	13.7334184646606	28.4071941375732	22.941563957039	17.0892658233643	0.708623	0.136279	0.03936	0.324626	0.216711	0.100458	pal_medit_005	39.3800000000	-0.0976700000
pan_spaS_045	38.0873870849609	36.9514880783256	36.197624206543	38.3331298828125	37.4618034193384	36.2636184692383	37.8085441589355	36.8078284428037	36.197624206543	38.3299522399902	37.8342132641438	36.7497940063477	28.4071941375732	19.3870531882363	13.7334184646606	28.4071941375732	22.941563957039	17.0892658233643	0.708623	0.136279	0.03936	0.324626	0.216711	0.100458	pal_spaAL_006	38.1630000000	-0.3747500000
pan_spaS_046	38.0511512756348	36.9442739925165	36.2836685180664	38.3806915283203	37.4483015225848	36.3325347900391	37.8081436157227	36.7961547456939	36.2836685180664	38.3940162658691	37.8465211692898	36.9794807434082	28.5578479766846	19.3750273249615	13.5048456192017	28.5578479766846	22.9388891307787	16.9674129486084	0.648163	0.124156	0.039915	0.347546	0.239846	0.114042	pan_spaS_007	36.7191500000	-2.1083500000
pan_spaS_047	38.0511512756348	36.9442739925165	36.2836685180664	38.3806915283203	37.4483015225848	36.3325347900391	37.8081436157227	36.7961547456939	36.2836685180664	38.3940162658691	37.8465211692898	36.9794807434082	28.5578479766846	19.3750273249615	13.5048456192017	28.5578479766846	22.9388891307787	16.9674129486084	0.648163	0.124156	0.039915	0.347546	0.239846	0.114042	pan_spaS_008	36.7191500000	-2.1083500000
pan_spaS_048	38.0511512756348	36.9442739925165	36.2836685180664	38.3806915283203	37.4483015225848	36.3325347900391	37.8081436157227	36.7961547456939	36.2836685180664	38.3940162658691	37.8465211692898	36.9794807434082	28.5578479766846	19.3750273249615	13.5048456192017	28.5578479766846	22.9388891307787	16.9674129486084	0.648163	0.124156	0.039915	0.347546	0.239846	0.114042	pan_spaS_017	36.7131170000	-2.1148170000
pan_spaS_049	38.0511512756348	36.9442739925165	36.2836685180664	38.3806915283203	37.4483015225848	36.3325347900391	37.8081436157227	36.7961547456939	36.2836685180664	38.3940162658691	37.8465211692898	36.9794807434082	28.5578479766846	19.3750273249615	13.5048456192017	28.5578479766846	22.9388891307787	16.9674129486084	0.648163	0.124156	0.039915	0.347546	0.239846	0.114042	pan_spaS_047	37.5871170000	-0.6293830000
pan_spaS_050	38.0511512756348	36.9442739925165	36.2836685180664	38.3806915283203	37.4483015225848	36.3325347900391	37.8081436157227	36.7961547456939	36.2836685180664	38.3940162658691	37.8465211692898	36.9794807434082	28.5578479766846	19.3750273249615	13.5048456192017	28.5578479766846	22.9388891307787	16.9674129486084	0.648163	0.124156	0.039915	0.347546	0.239846	0.114042	pal_bal_003	39.9724166700	3.6624333300
pan_spaS_051	38.0511512756348	36.9442739925165	36.2836685180664	38.3806915283203	37.4483015225848	36.3325347900391	37.8081436157227	36.7961547456939	36.2836685180664	38.3940162658691	37.8465211692898	36.9794807434082	28.5578479766846	19.3750273249615	13.5048456192017	28.5578479766846	22.9388891307787	16.9674129486084	0.648163	0.124156	0.039915	0.347546	0.239846	0.114042	pal_medit_006	39.3800000000	-0.0976700000
pan_spaS_052	38.0511512756348	36.9442739925165	36.2836685180664	38.3806915283203	37.4483015225848	36.3325347900391	37.8081436157227	36.7961547456939	36.2836685180664	38.3940162658691	37.8465211692898	36.9794807434082	28.5578479766846	19.3750273249615	13.5048456192017	28.5578479766846	22.9388891307787	16.9674129486084	0.648163	0.124156	0.039915	0.347546	0.239846	0.114042	pan_fra_005	43.3523833300	3.7013033300
