Label	Sex	Size	Totallenght	Depth	habitat_prediction	salinity_surface_whole_yr_max	salinity_surface_whole_yr_mean	salinity_surface_whole_yr_min	salinity_water_column_whole_yr_max	salinity_water_column_whole_yr_mean	salinity_water_column_whole_yr_min	salinity_surface_repro_max	salinity_surface_repro_mean	salinity_surface_repro_min	salinity_water_column_repro_max	salinity_water_column_repro_mean	salinity_water_column_repro_min	sst_whole_yr_max	sst_whole_yr_mean	sst_whole_yr_min	sst_repro_max	sst_repro_mean	sst_repro_min	chlo_surface_max	chlo_surface_mean	chlo_surface_min	chlo_benthic_max	chlo_benthic_mean	chlo_benthic_min
pal_bal_001	Male	NA	NA	59	Sand	38.25143814	37.45773946	36.74789429	38.3381958	37.58613438	36.64306641	38.25143814	37.36028568	36.74789429	38.3381958	37.70096863	36.90421295	28.86630821	19.29575545	13.06144238	28.86630821	23.3407145	17.09034538	0.155689	0.060612	0.028796	0.453321	0.247934	0.068321
pal_bal_002	Male	NA	NA	59	Sand	38.25143814	37.45773946	36.74789429	38.3381958	37.58613438	36.64306641	38.25143814	37.36028568	36.74789429	38.3381958	37.70096863	36.90421295	28.86630821	19.29575545	13.06144238	28.86630821	23.3407145	17.09034538	0.155689	0.060612	0.028796	0.453321	0.247934	0.068321
pal_bal_003	Female	NA	NA	59	Sand	38.25143814	37.45773946	36.74789429	38.3381958	37.58613438	36.64306641	38.25143814	37.36028568	36.74789429	38.3381958	37.70096863	36.90421295	28.86630821	19.29575545	13.06144238	28.86630821	23.3407145	17.09034538	0.155689	0.060612	0.028796	0.453321	0.247934	0.068321
pal_bal_004	Male	NA	NA	60.3	Sand	38.27245712	37.44530491	36.74985886	38.32819366	37.55380298	36.63953781	38.27245712	37.3570071	36.74985886	38.32819366	37.65959553	36.92698288	28.85779572	19.32938206	13.06038475	28.85779572	23.37475714	17.1171627	0.171765	0.061865	0.028689	0.443332	0.163255	0.037736
pal_bal_005	Female	NA	NA	60.3	Sand	38.27245712	37.44530491	36.74985886	38.32819366	37.55380298	36.63953781	38.27245712	37.3570071	36.74985886	38.32819366	37.65959553	36.92698288	28.85779572	19.32938206	13.06038475	28.85779572	23.37475714	17.1171627	0.171765	0.061865	0.028689	0.443332	0.163255	0.037736
pal_bal_006	Male	NA	NA	64.3	Sand	38.32383347	37.48299586	36.74773407	38.34640121	37.62820176	36.62804794	38.32383347	37.39948132	36.74773407	38.34640121	37.77653603	36.89979553	28.79767227	19.2905747	12.97733116	28.79767227	23.3534769	17.19625473	0.13584	0.057617	0.029104	0.446186	0.158953	0.037342
pal_bal_007	Male	NA	NA	64.6	Muddy sand	38.32383347	37.48299586	36.74773407	38.34640121	37.62820176	36.62804794	38.32383347	37.39948132	36.74773407	38.34640121	37.77653603	36.89979553	28.79767227	19.2905747	12.97733116	28.79767227	23.3534769	17.19625473	0.133349	0.05787	0.029123	0.317162	0.090262	0.029236
pal_bal_008	Male	NA	NA	64.6	Muddy sand	38.32383347	37.48299586	36.74773407	38.34640121	37.62820176	36.62804794	38.32383347	37.39948132	36.74773407	38.34640121	37.77653603	36.89979553	28.79767227	19.2905747	12.97733116	28.79767227	23.3534769	17.19625473	0.133349	0.05787	0.029123	0.317162	0.090262	0.029236
pal_bal_009	Male	NA	NA	64.6	Muddy sand	38.32383347	37.48299586	36.74773407	38.34640121	37.62820176	36.62804794	38.32383347	37.39948132	36.74773407	38.34640121	37.77653603	36.89979553	28.79767227	19.2905747	12.97733116	28.79767227	23.3534769	17.19625473	0.133349	0.05787	0.029123	0.317162	0.090262	0.029236
pal_bal_010	Female	NA	NA	64.3	Sand	38.32383347	37.48299586	36.74773407	38.34640121	37.62820176	36.62804794	38.32383347	37.39948132	36.74773407	38.34640121	37.77653603	36.89979553	28.79767227	19.2905747	12.97733116	28.79767227	23.3534769	17.19625473	0.133349	0.05787	0.029123	0.317162	0.090262	0.029236
pal_bal_012	Male	NA	NA	55.6	Sand	38.57197189	37.60218249	36.65520096	38.61897659	37.75956194	36.65404892	38.57197189	37.48852993	36.65520096	NA	NA	NA	28.69618797	19.06452697	12.4015255	28.69618797	23.16319302	16.10066414	0.298573	0.08363	0.040954	0.470461	0.327546	0.134808
pal_bal_013	Female	NA	NA	41.1	Coarse and mixed sediment	38.57197189	37.60218249	36.65520096	38.61897659	37.75956194	36.65404892	38.57197189	37.48852993	36.65520096	NA	NA	NA	28.69618797	19.06452697	12.4015255	28.69618797	23.16319302	16.10066414	0.300993	0.084878	0.041761	0.466922	0.326794	0.138993
pal_bal_014	Male	NA	NA	41.1	Coarse and mixed sediment	38.57197189	37.60218249	36.65520096	38.61897659	37.75956194	36.65404892	38.57197189	37.48852993	36.65520096	NA	NA	NA	28.69618797	19.06452697	12.4015255	28.69618797	23.16319302	16.10066414	0.300993	0.084878	0.041761	0.466922	0.326794	0.138993
pal_bal_015	Female	NA	NA	34	Coarse and mixed sediment	38.57197189	37.60218249	36.65520096	38.61897659	37.75956194	36.65404892	38.57197189	37.48852993	36.65520096	NA	NA	NA	28.69618797	19.06452697	12.4015255	28.69618797	23.16319302	16.10066414	0.300993	0.084878	0.041761	0.466922	0.326794	0.138993
pal_bal_016	Male	NA	NA	34	Coarse and mixed sediment	38.57197189	37.60218249	36.65520096	38.61897659	37.75956194	36.65404892	38.57197189	37.48852993	36.65520096	NA	NA	NA	28.69618797	19.06452697	12.4015255	28.69618797	23.16319302	16.10066414	0.300993	0.084878	0.041761	0.466922	0.326794	0.138993
pal_bal_017	Female	NA	NA	67.1	Coarse and mixed sediment	38.57197189	37.60218249	36.65520096	38.61897659	37.75956194	36.65404892	38.57197189	37.48852993	36.65520096	NA	NA	NA	28.69618797	19.06452697	12.4015255	28.69618797	23.16319302	16.10066414	0.298573	0.08363	0.040954	0.470461	0.327546	0.134808
pal_bal_018	Male	NA	NA	67.1	Coarse and mixed sediment	38.57197189	37.60218249	36.65520096	38.61897659	37.75956194	36.65404892	38.57197189	37.48852993	36.65520096	NA	NA	NA	28.69618797	19.06452697	12.4015255	28.69618797	23.16319302	16.10066414	0.298573	0.08363	0.040954	0.470461	0.327546	0.134808
pal_bal_019	Female	NA	NA	35.1	Coarse and mixed sediment	38.57197189	37.60218249	36.65520096	38.61897659	37.75956194	36.65404892	38.57197189	37.48852993	36.65520096	NA	NA	NA	28.69618797	19.06452697	12.4015255	28.69618797	23.16319302	16.10066414	0.300993	0.084878	0.041761	0.466922	0.326794	0.138993
pal_bal_020	Male	NA	NA	35.1	Coarse and mixed sediment	38.57197189	37.60218249	36.65520096	38.61897659	37.75956194	36.65404892	38.57197189	37.48852993	36.65520096	NA	NA	NA	28.69618797	19.06452697	12.4015255	28.69618797	23.16319302	16.10066414	0.300993	0.084878	0.041761	0.466922	0.326794	0.138993
pal_bal_021	Male	NA	NA	39.8	Coarse and mixed sediment	38.57197189	37.60218249	36.65520096	38.61897659	37.75956194	36.65404892	38.57197189	37.48852993	36.65520096	NA	NA	NA	28.69618797	19.06452697	12.4015255	28.69618797	23.16319302	16.10066414	0.298573	0.08363	0.040954	0.470461	0.327546	0.134808
pal_bal_022	Female	NA	NA	39.8	Coarse and mixed sediment	38.57197189	37.60218249	36.65520096	38.61897659	37.75956194	36.65404892	38.57197189	37.48852993	36.65520096	NA	NA	NA	28.69618797	19.06452697	12.4015255	28.69618797	23.16319302	16.10066414	0.298573	0.08363	0.040954	0.470461	0.327546	0.134808
pal_bal_023	Female	NA	NA	41.1	Rock or other hard substrata	38.57197189	37.60218249	36.65520096	38.61897659	37.75956194	36.65404892	38.57197189	37.48852993	36.65520096	NA	NA	NA	28.69618797	19.06452697	12.4015255	28.69618797	23.16319302	16.10066414	0.298573	0.08363	0.040954	0.470461	0.327546	0.134808
pal_bal_024	Male	NA	NA	41.1	Rock or other hard substrata	38.57197189	37.60218249	36.65520096	38.61897659	37.75956194	36.65404892	38.57197189	37.48852993	36.65520096	NA	NA	NA	28.69618797	19.06452697	12.4015255	28.69618797	23.16319302	16.10066414	0.298573	0.08363	0.040954	0.470461	0.327546	0.134808
pal_bal_025	Male	NA	NA	70.9	Sand	38.57197189	37.60218249	36.65520096	38.61897659	37.75956194	36.65404892	38.57197189	37.48852993	36.65520096	NA	NA	NA	28.69618797	19.06452697	12.4015255	28.69618797	23.16319302	16.10066414	0.298573	0.08363	0.040954	0.470461	0.327546	0.134808
pal_bal_026	Female	NA	NA	70.9	Sand	38.57197189	37.60218249	36.65520096	38.61897659	37.75956194	36.65404892	38.57197189	37.48852993	36.65520096	NA	NA	NA	28.69618797	19.06452697	12.4015255	28.69618797	23.16319302	16.10066414	0.298573	0.08363	0.040954	0.470461	0.327546	0.134808
pal_bal_027	Female	NA	NA	55	Coarse and mixed sediment	38.57197189	37.60218249	36.65520096	38.61897659	37.75956194	36.65404892	38.57197189	37.48852993	36.65520096	NA	NA	NA	28.69618797	19.06452697	12.4015255	28.69618797	23.16319302	16.10066414	0.298573	0.08363	0.040954	0.470461	0.327546	0.134808
pal_bal_028	Male	NA	NA	55	Coarse and mixed sediment	38.57197189	37.60218249	36.65520096	38.61897659	37.75956194	36.65404892	38.57197189	37.48852993	36.65520096	NA	NA	NA	28.69618797	19.06452697	12.4015255	28.69618797	23.16319302	16.10066414	0.298573	0.08363	0.040954	0.470461	0.327546	0.134808
pal_bal_029	Male	NA	NA	55.4	Coarse and mixed sediment	38.45366669	37.63366173	36.66105652	38.45595932	37.84921859	36.7050972	38.45366669	37.53195153	36.66105652	38.40314102	38.00114955	37.47660446	28.73768616	19.05492074	12.40064526	28.73768616	23.15831161	16.10973358	0.298573	0.08363	0.040954	0.470461	0.327546	0.134808
pal_bal_030	Female	NA	NA	55.4	Coarse and mixed sediment	38.45366669	37.63366173	36.66105652	38.45595932	37.84921859	36.7050972	38.45366669	37.53195153	36.66105652	38.40314102	38.00114955	37.47660446	28.73768616	19.05492074	12.40064526	28.73768616	23.15831161	16.10973358	0.298573	0.08363	0.040954	0.470461	0.327546	0.134808
pal_bal_031	Male	NA	NA	34.2	Rock or other hard substrata	38.57197189	37.60218249	36.65520096	38.61897659	37.75956194	36.65404892	38.57197189	37.48852993	36.65520096	NA	NA	NA	28.69618797	19.06452697	12.4015255	28.69618797	23.16319302	16.10066414	0.298573	0.08363	0.040954	0.470461	0.327546	0.134808
pal_bal_032	Female	NA	NA	34.2	Rock or other hard substrata	38.57197189	37.60218249	36.65520096	38.61897659	37.75956194	36.65404892	38.57197189	37.48852993	36.65520096	NA	NA	NA	28.69618797	19.06452697	12.4015255	28.69618797	23.16319302	16.10066414	0.298573	0.08363	0.040954	0.470461	0.327546	0.134808
pal_bal_033	Male	NA	NA	34.2	Rock or other hard substrata	38.57197189	37.60218249	36.65520096	38.61897659	37.75956194	36.65404892	38.57197189	37.48852993	36.65520096	NA	NA	NA	28.69618797	19.06452697	12.4015255	28.69618797	23.16319302	16.10066414	0.298573	0.08363	0.040954	0.470461	0.327546	0.134808
pal_bal_036	Male	NA	NA	34.2	Rock or other hard substrata	38.57197189	37.60218249	36.65520096	38.61897659	37.75956194	36.65404892	38.57197189	37.48852993	36.65520096	NA	NA	NA	28.69618797	19.06452697	12.4015255	28.69618797	23.16319302	16.10066414	0.298573	0.08363	0.040954	0.470461	0.327546	0.134808
pal_bal_037	Female	NA	NA	37.3	Rock or other hard substrata	38.57197189	37.60218249	36.65520096	38.61897659	37.75956194	36.65404892	38.57197189	37.48852993	36.65520096	NA	NA	NA	28.69618797	19.06452697	12.4015255	28.69618797	23.16319302	16.10066414	0.298573	0.08363	0.040954	0.470461	0.327546	0.134808
pal_bal_038	Male	NA	NA	37.3	Rock or other hard substrata	38.57197189	37.60218249	36.65520096	38.61897659	37.75956194	36.65404892	38.57197189	37.48852993	36.65520096	NA	NA	NA	28.69618797	19.06452697	12.4015255	28.69618797	23.16319302	16.10066414	0.298573	0.08363	0.040954	0.470461	0.327546	0.134808
pal_bal_039	Male	NA	NA	37.3	Rock or other hard substrata	38.57197189	37.60218249	36.65520096	38.61897659	37.75956194	36.65404892	38.57197189	37.48852993	36.65520096	NA	NA	NA	28.69618797	19.06452697	12.4015255	28.69618797	23.16319302	16.10066414	0.298573	0.08363	0.040954	0.470461	0.327546	0.134808
pal_bal_040	Female	NA	NA	37.3	Rock or other hard substrata	38.57197189	37.60218249	36.65520096	38.61897659	37.75956194	36.65404892	38.57197189	37.48852993	36.65520096	NA	NA	NA	28.69618797	19.06452697	12.4015255	28.69618797	23.16319302	16.10066414	0.298573	0.08363	0.040954	0.470461	0.327546	0.134808
pal_bal_041	Female	NA	NA	79.7	Sandy mud	38.58695221	37.56308655	36.65533066	38.72405243	37.69655904	36.60074997	38.58695221	37.43920177	36.65533066	NA	NA	NA	28.67522049	19.08337199	12.42508793	28.67522049	23.17596297	16.07625771	0.289155	0.07986	0.038717	0.371102	0.238797	0.106909
pal_bal_042	Male	NA	NA	79.7	Sandy mud	38.58695221	37.56308655	36.65533066	38.72405243	37.69655904	36.60074997	38.58695221	37.43920177	36.65533066	NA	NA	NA	28.67522049	19.08337199	12.42508793	28.67522049	23.17596297	16.07625771	0.289155	0.07986	0.038717	0.371102	0.238797	0.106909
pal_bal_043	Male	NA	NA	79.7	Sandy mud	38.58695221	37.56308655	36.65533066	38.72405243	37.69655904	36.60074997	38.58695221	37.43920177	36.65533066	NA	NA	NA	28.67522049	19.08337199	12.42508793	28.67522049	23.17596297	16.07625771	0.289155	0.07986	0.038717	0.371102	0.238797	0.106909
pal_bal_044	Female	NA	NA	71.1	Rock or other hard substrata	38.45366669	37.63366173	36.66105652	38.45595932	37.84921859	36.7050972	38.45366669	37.53195153	36.66105652	38.40314102	38.00114955	37.47660446	28.73768616	19.05492074	12.40064526	28.73768616	23.15831161	16.10973358	0.30386	0.085906	0.042927	0.505518	0.345582	0.137236
pal_bal_045	Female	NA	NA	71.1	Rock or other hard substrata	38.45366669	37.63366173	36.66105652	38.45595932	37.84921859	36.7050972	38.45366669	37.53195153	36.66105652	38.40314102	38.00114955	37.47660446	28.73768616	19.05492074	12.40064526	28.73768616	23.15831161	16.10973358	0.30386	0.085906	0.042927	0.505518	0.345582	0.137236
pal_bal_046	Male	NA	NA	71.1	Rock or other hard substrata	38.45366669	37.63366173	36.66105652	38.45595932	37.84921859	36.7050972	38.45366669	37.53195153	36.66105652	38.40314102	38.00114955	37.47660446	28.73768616	19.05492074	12.40064526	28.73768616	23.15831161	16.10973358	0.30386	0.085906	0.042927	0.505518	0.345582	0.137236
pal_bal_047	Male	NA	NA	68	Coarse and mixed sediment	38.52061844	37.62267914	36.69256973	38.53023148	37.86280384	36.72384262	38.52061844	37.52754799	36.69256973	38.50790787	38.01057741	37.48261261	28.68283844	19.06226111	12.3655529	28.68283844	23.15487509	16.15243721	0.300993	0.084878	0.041761	0.466922	0.326794	0.138993
pal_bal_049	Female	NA	NA	66.2	Coarse and mixed sediment	38.52061844	37.62267914	36.69256973	38.53023148	37.86280384	36.72384262	38.52061844	37.52754799	36.69256973	38.50790787	38.01057741	37.48261261	28.68283844	19.06226111	12.3655529	28.68283844	23.15487509	16.15243721	0.300993	0.084878	0.041761	0.466922	0.326794	0.138993
pal_bal_050	Female	NA	NA	66.4	Coarse and mixed sediment	38.64364243	37.58889575	36.67961502	38.71064758	37.84491642	36.67841721	38.64364243	37.48304873	36.67961502	38.509758	38.00330637	37.46160126	28.64130592	19.07192504	12.36642361	28.64130592	23.15530408	16.15603447	0.300993	0.084878	0.041761	0.466922	0.326794	0.138993
pal_bal_051	Male	NA	NA	76.2	Rock or other hard substrata	38.45366669	37.63366173	36.66105652	38.45595932	37.84921859	36.7050972	38.45366669	37.53195153	36.66105652	38.40314102	38.00114955	37.47660446	28.73768616	19.05492074	12.40064526	28.73768616	23.15831161	16.10973358	0.30386	0.085906	0.042927	0.505518	0.345582	0.137236
pal_bal_052	Female	NA	NA	76.2	Rock or other hard substrata	38.45366669	37.63366173	36.66105652	38.45595932	37.84921859	36.7050972	38.45366669	37.53195153	36.66105652	38.40314102	38.00114955	37.47660446	28.73768616	19.05492074	12.40064526	28.73768616	23.15831161	16.10973358	0.30386	0.085906	0.042927	0.505518	0.345582	0.137236
pal_bal_053	Female	NA	NA	80.3	Sand	38.58695221	37.56308655	36.65533066	38.72405243	37.69655904	36.60074997	38.58695221	37.43920177	36.65533066	NA	NA	NA	28.67522049	19.08337199	12.42508793	28.67522049	23.17596297	16.07625771	0.298573	0.08363	0.040954	0.470461	0.327546	0.134808
pal_bal_054	Male	NA	NA	75.2	Rock or other hard substrata	38.45366669	37.63366173	36.66105652	38.45595932	37.84921859	36.7050972	38.45366669	37.53195153	36.66105652	38.40314102	38.00114955	37.47660446	28.73768616	19.05492074	12.40064526	28.73768616	23.15831161	16.10973358	0.30386	0.085906	0.042927	0.505518	0.345582	0.137236
pal_bal_055	Male	NA	NA	75.2	Rock or other hard substrata	38.45366669	37.63366173	36.66105652	38.45595932	37.84921859	36.7050972	38.45366669	37.53195153	36.66105652	38.40314102	38.00114955	37.47660446	28.73768616	19.05492074	12.40064526	28.73768616	23.15831161	16.10973358	0.30386	0.085906	0.042927	0.505518	0.345582	0.137236
pal_bal_056	Female	NA	NA	75.2	Rock or other hard substrata	38.45366669	37.63366173	36.66105652	38.45595932	37.84921859	36.7050972	38.45366669	37.53195153	36.66105652	38.40314102	38.00114955	37.47660446	28.73768616	19.05492074	12.40064526	28.73768616	23.15831161	16.10973358	0.30386	0.085906	0.042927	0.505518	0.345582	0.137236
pal_bal_057	Male	NA	NA	71	Coarse and mixed sediment	38.45366669	37.63366173	36.66105652	38.45595932	37.84921859	36.7050972	38.45366669	37.53195153	36.66105652	38.40314102	38.00114955	37.47660446	28.73768616	19.05492074	12.40064526	28.73768616	23.15831161	16.10973358	0.30386	0.085906	0.042927	0.505518	0.345582	0.137236
pal_bal_058	Male	NA	NA	71	Coarse and mixed sediment	38.45366669	37.63366173	36.66105652	38.45595932	37.84921859	36.7050972	38.45366669	37.53195153	36.66105652	38.40314102	38.00114955	37.47660446	28.73768616	19.05492074	12.40064526	28.73768616	23.15831161	16.10973358	0.30386	0.085906	0.042927	0.505518	0.345582	0.137236
pal_bal_059	Female	NA	NA	74.8	Rock or other hard substrata	38.45366669	37.63366173	36.66105652	38.45595932	37.84921859	36.7050972	38.45366669	37.53195153	36.66105652	38.40314102	38.00114955	37.47660446	28.73768616	19.05492074	12.40064526	28.73768616	23.15831161	16.10973358	0.30386	0.085906	0.042927	0.505518	0.345582	0.137236
pal_bal_061	Male	NA	NA	82.8	Sand	38.25331116	37.45398335	36.8470459	38.32581711	37.60585912	36.78514862	38.25331116	37.38570772	36.8470459	38.3847084	37.81051672	37.12852859	28.84121513	19.39274924	13.21364021	28.84121513	23.40068636	17.44663429	0.210527	0.06283	0.028825	0.094191	0.0377	0.023467
pal_bal_062	Female	NA	NA	82.8	Sand	38.25331116	37.45398335	36.8470459	38.32581711	37.60585912	36.78514862	38.25331116	37.38570772	36.8470459	38.3847084	37.81051672	37.12852859	28.84121513	19.39274924	13.21364021	28.84121513	23.40068636	17.44663429	0.210527	0.06283	0.028825	0.094191	0.0377	0.023467
pal_bal_063	Female	NA	NA	98.3	Sand	38.3120575	37.52914827	36.76137543	38.38965988	37.67773459	36.67115784	38.3120575	37.42025259	36.76137543	38.41611481	37.88442727	36.8515358	28.78208542	19.16021423	13.05213356	28.78208542	23.18490265	16.97300529	0.282541	0.074684	0.030203	0.416109	0.125844	0.030051
pal_bal_064	Female	NA	NA	98.3	Sand	38.3120575	37.52914827	36.76137543	38.38965988	37.67773459	36.67115784	38.3120575	37.42025259	36.76137543	38.41611481	37.88442727	36.8515358	28.78208542	19.16021423	13.05213356	28.78208542	23.18490265	16.97300529	0.282541	0.074684	0.030203	0.416109	0.125844	0.030051
pal_bal_065	Female	NA	NA	100	Sand	38.31655884	37.53979477	36.76736069	38.38316727	37.68582919	36.67420197	38.31655884	37.43225992	36.76736069	38.41279984	37.88623323	36.85585785	28.78430367	19.14385818	13.03278637	28.78430367	23.17017774	16.95920563	0.282541	0.074684	0.030203	0.416109	0.125844	0.030051
pal_bal_066	Male	NA	NA	100	Sand	38.31655884	37.53979477	36.76736069	38.38316727	37.68582919	36.67420197	38.31655884	37.43225992	36.76736069	38.41279984	37.88623323	36.85585785	28.78430367	19.14385818	13.03278637	28.78430367	23.17017774	16.95920563	0.282541	0.074684	0.030203	0.416109	0.125844	0.030051
pal_bal_067	Male	NA	NA	42	Unknown	38.23058319	37.33795254	36.63665009	38.24573898	37.38621602	36.49671173	38.19511795	37.21804974	36.63665009	NA	NA	NA	29.3662796	19.55496465	13.29111958	29.3662796	23.63439111	17.24792099	0.148074	0.058609	0.029119	0.230961	0.062156	0.028454
pal_bal_068	Female	NA	NA	42	Unknown	38.23058319	37.33795254	36.63665009	38.24573898	37.38621602	36.49671173	38.19511795	37.21804974	36.63665009	NA	NA	NA	29.3662796	19.55496465	13.29111958	29.3662796	23.63439111	17.24792099	0.148074	0.058609	0.029119	0.230961	0.062156	0.028454
pal_bal_069	Female	NA	NA	42	Unknown	38.23058319	37.33795254	36.63665009	38.24573898	37.38621602	36.49671173	38.19511795	37.21804974	36.63665009	NA	NA	NA	29.3662796	19.55496465	13.29111958	29.3662796	23.63439111	17.24792099	0.148074	0.058609	0.029119	0.230961	0.062156	0.028454
pal_bal_070	Male	NA	NA	18	Sandy mud	38.23058319	37.33795254	36.63665009	38.24573898	37.38621602	36.49671173	38.19511795	37.21804974	36.63665009	NA	NA	NA	29.3662796	19.55496465	13.29111958	29.3662796	23.63439111	17.24792099	0.148074	0.058609	0.029119	0.230961	0.062156	0.028454
pal_bal_071	Ind	NA	NA	18	Sandy mud	38.23058319	37.33795254	36.63665009	38.24573898	37.38621602	36.49671173	38.19511795	37.21804974	36.63665009	NA	NA	NA	29.3662796	19.55496465	13.29111958	29.3662796	23.63439111	17.24792099	0.148074	0.058609	0.029119	0.230961	0.062156	0.028454
pal_bal_072	Ind	NA	NA	18	Sandy mud	38.23058319	37.33795254	36.63665009	38.24573898	37.38621602	36.49671173	38.19511795	37.21804974	36.63665009	NA	NA	NA	29.3662796	19.55496465	13.29111958	29.3662796	23.63439111	17.24792099	0.148074	0.058609	0.029119	0.230961	0.062156	0.028454
pal_bal_073	Female	NA	NA	74	Sand	38.28369141	37.43604601	36.79805374	38.33894348	37.60901803	36.70291138	38.28369141	37.36497219	36.79805374	38.32890701	37.74623972	37.08296967	28.84124947	19.39582338	13.14384556	28.84124947	23.42754154	17.28033829	0.178624	0.061322	0.028732	0.187997	0.100182	0.056433
pal_bal_074	Female	NA	NA	75.1	Sand	38.28369141	37.43604601	36.79805374	38.33894348	37.60901803	36.70291138	38.28369141	37.36497219	36.79805374	38.32890701	37.74623972	37.08296967	28.84124947	19.39582338	13.14384556	28.84124947	23.42754154	17.28033829	0.178624	0.061322	0.028732	0.187997	0.100182	0.056433
pal_bal_075	Female	NA	NA	73.3	Sand	38.28369141	37.43604601	36.79805374	38.33894348	37.60901803	36.70291138	38.28369141	37.36497219	36.79805374	38.32890701	37.74623972	37.08296967	28.84124947	19.39582338	13.14384556	28.84124947	23.42754154	17.28033829	0.178624	0.061322	0.028732	0.187997	0.100182	0.056433
pal_bal_076	Ind	NA	NA	23	Sandy mud	38.28761292	37.4284569	36.74889374	38.26692581	37.4570361	36.62007904	38.28761292	37.35814255	36.74889374	NA	NA	NA	28.86770821	19.38858238	12.9696579	28.86770821	23.46048575	17.21422577	0.118205	0.054373	0.029488	0.30714	0.085631	0.028405
pal_bal_077	Ind	NA	NA	23	Sandy mud	38.28761292	37.4284569	36.74889374	38.26692581	37.4570361	36.62007904	38.28761292	37.35814255	36.74889374	NA	NA	NA	28.86770821	19.38858238	12.9696579	28.86770821	23.46048575	17.21422577	0.118205	0.054373	0.029488	0.30714	0.085631	0.028405
pal_bal_078	Ind	NA	NA	25	Sandy mud	38.36071014	37.48841581	36.75193787	38.33417511	37.51939639	36.6377182	38.36071014	37.41534928	36.75193787	NA	NA	NA	28.77722549	19.27275684	12.85662174	28.77722549	23.34557499	17.17220306	0.118205	0.054373	0.029488	0.30714	0.085631	0.028405
pal_bal_079	Female	NA	NA	114	Sandy mud	38.3122139	37.45535684	36.84764481	38.33657837	37.61629979	36.77661514	38.3122139	37.38727736	36.84764481	38.35414886	37.81511527	37.04852295	28.82403564	19.36914567	13.1751709	28.82403564	23.38224345	17.33644676	0.211282	0.065184	0.029519	0.088555	0.037612	0.024207
pal_bal_080	Male	NA	NA	68.9	Sand	38.3537674	37.46601847	36.84582138	38.33579636	37.62840615	36.78235245	38.3537674	37.39823935	36.84582138	38.34438705	37.82331619	37.02458572	28.81144905	19.33522067	13.11993313	28.81144905	23.35127201	17.21268463	0.211282	0.065184	0.029519	0.088555	0.037612	0.024207
pal_bal_081	Female	NA	NA	82.5	Sand	38.3537674	37.46601847	36.84582138	38.33579636	37.62840615	36.78235245	38.3537674	37.39823935	36.84582138	38.34438705	37.82331619	37.02458572	28.81144905	19.33522067	13.11993313	28.81144905	23.35127201	17.21268463	0.211282	0.065184	0.029519	0.088555	0.037612	0.024207
pal_bal_082	Ind	NA	NA	21	Sandy mud	38.36071014	37.48841581	36.75193787	38.33417511	37.51939639	36.6377182	38.36071014	37.41534928	36.75193787	NA	NA	NA	28.77722549	19.27275684	12.85662174	28.77722549	23.34557499	17.17220306	0.118205	0.054373	0.029488	0.30714	0.085631	0.028405
pal_bal_083	Ind	NA	NA	21	Sandy mud	38.36071014	37.48841581	36.75193787	38.33417511	37.51939639	36.6377182	38.36071014	37.41534928	36.75193787	NA	NA	NA	28.77722549	19.27275684	12.85662174	28.77722549	23.34557499	17.17220306	0.118205	0.054373	0.029488	0.30714	0.085631	0.028405
pal_bal_084	Ind	NA	NA	21	Sandy mud	38.36071014	37.48841581	36.75193787	38.33417511	37.51939639	36.6377182	38.36071014	37.41534928	36.75193787	NA	NA	NA	28.77722549	19.27275684	12.85662174	28.77722549	23.34557499	17.17220306	0.118205	0.054373	0.029488	0.30714	0.085631	0.028405
pal_bal_085	Ind	NA	NA	27	Sand	38.28761292	37.4284569	36.74889374	38.26692581	37.4570361	36.62007904	38.28761292	37.35814255	36.74889374	NA	NA	NA	28.86770821	19.38858238	12.9696579	28.86770821	23.46048575	17.21422577	0.118205	0.054373	0.029488	0.30714	0.085631	0.028405
pal_bal_086	Ind	NA	NA	17	Posidonia oceanica meadows	38.32012939	37.47458288	36.80631638	NA	NA	NA	38.31977844	37.35574073	36.80631638	NA	NA	NA	29.06350136	19.32231795	13.05860138	29.06350136	23.40968372	17.01823235	0.133778	0.059049	0.029001	0.4043	0.11611	0.030937
pal_bal_087	Ind	NA	NA	17	Posidonia oceanica meadows	38.32012939	37.47458288	36.80631638	NA	NA	NA	38.31977844	37.35574073	36.80631638	NA	NA	NA	29.06350136	19.32231795	13.05860138	29.06350136	23.40968372	17.01823235	0.133778	0.059049	0.029001	0.4043	0.11611	0.030937
pal_bal_088	Ind	NA	NA	17	Posidonia oceanica meadows	38.32012939	37.47458288	36.80631638	NA	NA	NA	38.31977844	37.35574073	36.80631638	NA	NA	NA	29.06350136	19.32231795	13.05860138	29.06350136	23.40968372	17.01823235	0.133778	0.059049	0.029001	0.4043	0.11611	0.030937
pal_bal_089	Ind	NA	NA	17	Posidonia oceanica meadows	38.32012939	37.47458288	36.80631638	NA	NA	NA	38.31977844	37.35574073	36.80631638	NA	NA	NA	29.06350136	19.32231795	13.05860138	29.06350136	23.40968372	17.01823235	0.133778	0.059049	0.029001	0.4043	0.11611	0.030937
pal_bal_090	Ind	NA	NA	17	Posidonia oceanica meadows	38.32012939	37.47458288	36.80631638	NA	NA	NA	38.31977844	37.35574073	36.80631638	NA	NA	NA	29.06350136	19.32231795	13.05860138	29.06350136	23.40968372	17.01823235	0.133778	0.059049	0.029001	0.4043	0.11611	0.030937
pal_bal_091	Female	NA	NA	40.6	Sand	38.37527847	37.50524053	36.76541901	38.33537674	37.52415809	36.65175247	38.37527847	37.43266502	36.76541901	NA	NA	NA	28.80276871	19.26558429	12.84876728	28.80276871	23.35125246	17.14138603	0.129442	0.056107	0.029303	0.230364	0.064083	0.027841
pal_bal_092	Female	NA	NA	40.6	Sand	38.37527847	37.50524053	36.76541901	38.33537674	37.52415809	36.65175247	38.37527847	37.43266502	36.76541901	NA	NA	NA	28.80276871	19.26558429	12.84876728	28.80276871	23.35125246	17.14138603	0.129442	0.056107	0.029303	0.230364	0.064083	0.027841
pal_bal_093	Male	NA	NA	95	Sand	38.39533234	37.50777693	36.80693817	38.35529327	37.65486134	36.69603348	38.39533234	37.43485688	36.80693817	38.30600357	37.77219428	36.93336487	28.7975235	19.2576367	12.99354458	28.7975235	23.27948046	17.07940102	0.223686	0.068143	0.030335	0.346308	0.234684	0.113314
pal_bal_094	Female	NA	NA	95	Sand	38.39533234	37.50777693	36.80693817	38.35529327	37.65486134	36.69603348	38.39533234	37.43485688	36.80693817	38.30600357	37.77219428	36.93336487	28.7975235	19.2576367	12.99354458	28.7975235	23.27948046	17.07940102	0.223686	0.068143	0.030335	0.346308	0.234684	0.113314
pal_bal_095	Female	NA	NA	100	Sand	38.38186264	37.47953379	36.83598328	38.33247375	37.63465047	36.74337387	38.38186264	37.41093975	36.83598328	38.33581543	37.82844415	36.98235703	28.79343605	19.30036988	13.06336498	28.79343605	23.31860861	17.13044548	0.223686	0.068143	0.030335	0.346308	0.234684	0.113314
pal_bal_096	Male	NA	NA	121	Sand	38.33164597	37.54588113	36.79321671	38.33815384	37.63086363	36.67961121	38.33164597	37.46065195	36.79321671	38.28943634	37.72529602	36.85253143	28.7619648	19.17873469	12.8787632	28.7619648	23.20428025	17.0236721	0.270196	0.072815	0.030324	0.444008	0.14713	0.032772
pal_bal_097	Male	NA	NA	121	Sand	38.33164597	37.54588113	36.79321671	38.33815384	37.63086363	36.67961121	38.33164597	37.46065195	36.79321671	38.28943634	37.72529602	36.85253143	28.7619648	19.17873469	12.8787632	28.7619648	23.20428025	17.0236721	0.270196	0.072815	0.030324	0.444008	0.14713	0.032772
pal_bal_098	Female	NA	NA	121	Sand	38.33164597	37.54588113	36.79321671	38.33815384	37.63086363	36.67961121	38.33164597	37.46065195	36.79321671	38.28943634	37.72529602	36.85253143	28.7619648	19.17873469	12.8787632	28.7619648	23.20428025	17.0236721	0.270196	0.072815	0.030324	0.444008	0.14713	0.032772
pal_bal_099	Ind	NA	NA	32	Unknown	38.17203522	37.33900453	36.64521027	NA	NA	NA	38.14123917	37.25599032	36.64521027	NA	NA	NA	29.07180977	19.56073595	13.1831007	29.07180977	23.61764916	17.26603317	0.151809	0.054742	0.027205	0.309262	0.079345	0.02684
pal_bal_100	Ind	NA	NA	35	Sandy mud	38.12273788	37.29253713	36.62615585	38.24422836	37.49097603	36.49921036	38.12273788	37.2023641	36.62615585	38.30142593	37.73635722	36.7047348	29.01713562	19.61775299	13.29889393	29.01713562	23.64447093	17.34525681	0.147626	0.054418	0.026987	0.385655	0.28068	0.148342
pal_bal_101	Ind	NA	NA	35	Sandy mud	38.12273788	37.29253713	36.62615585	38.24422836	37.49097603	36.49921036	38.12273788	37.2023641	36.62615585	38.30142593	37.73635722	36.7047348	29.01713562	19.61775299	13.29889393	29.01713562	23.64447093	17.34525681	0.147626	0.054418	0.026987	0.385655	0.28068	0.148342
pal_bal_102	Male	NA	NA	69.8	Sand	38.31655884	37.53979477	36.76736069	38.38316727	37.68582919	36.67420197	38.31655884	37.43225992	36.76736069	38.41279984	37.88623323	36.85585785	28.78430367	19.14385818	13.03278637	28.78430367	23.17017774	16.95920563	0.299611	0.07727	0.030656	0.437955	0.277527	0.118054
pal_bal_103	Male	NA	NA	69.8	Sand	38.31655884	37.53979477	36.76736069	38.38316727	37.68582919	36.67420197	38.31655884	37.43225992	36.76736069	38.41279984	37.88623323	36.85585785	28.78430367	19.14385818	13.03278637	28.78430367	23.17017774	16.95920563	0.299611	0.07727	0.030656	0.437955	0.277527	0.118054
pal_bal_104	Male	NA	NA	64	Sand	38.32327652	37.53606082	36.77142715	38.29737473	37.57080934	36.67518234	38.32327652	37.43767423	36.77142715	NA	NA	NA	28.74431038	19.14550878	12.9834671	28.74431038	23.16758602	16.98350143	0.299611	0.07727	0.030656	0.437955	0.277527	0.118054
pal_bal_105	Ind	NA	NA	38	Posidonia oceanica meadows	38.40048981	38.00072039	37.21955109	38.41723633	38.06030646	37.55530548	38.32710266	37.95048975	37.21955109	38.36598587	38.08992075	37.78057861	26.17745018	17.36903989	11.90459347	26.17745018	20.81068171	15.55764675	0.425218	0.155897	0.048969	0.517717	0.179466	0.038933
pal_bal_106	Ind	NA	NA	29.5	Posidonia oceanica meadows	38.40048981	38.00072039	37.21955109	38.41723633	38.06030646	37.55530548	38.32710266	37.95048975	37.21955109	38.36598587	38.08992075	37.78057861	26.17745018	17.36903989	11.90459347	26.17745018	20.81068171	15.55764675	0.425218	0.155897	0.048969	0.517717	0.179466	0.038933
pal_bal_107	Ind	NA	NA	29.5	Posidonia oceanica meadows	38.40048981	38.00072039	37.21955109	38.41723633	38.06030646	37.55530548	38.32710266	37.95048975	37.21955109	38.36598587	38.08992075	37.78057861	26.17745018	17.36903989	11.90459347	26.17745018	20.81068171	15.55764675	0.425218	0.155897	0.048969	0.517717	0.179466	0.038933
pal_bal_108	Ind	NA	NA	34.5	Muddy sand	38.40048981	38.00072039	37.21955109	38.41723633	38.06030646	37.55530548	38.32710266	37.95048975	37.21955109	38.36598587	38.08992075	37.78057861	26.17745018	17.36903989	11.90459347	26.17745018	20.81068171	15.55764675	0.425218	0.155897	0.048969	0.517717	0.179466	0.038933
pal_bal_109	Ind	NA	NA	35.2	Muddy sand	38.40048981	38.00072039	37.21955109	38.41723633	38.06030646	37.55530548	38.32710266	37.95048975	37.21955109	38.36598587	38.08992075	37.78057861	26.17745018	17.36903989	11.90459347	26.17745018	20.81068171	15.55764675	0.425218	0.155897	0.048969	0.517717	0.179466	0.038933
pal_bal_110	Ind	NA	NA	6.7	Posidonia oceanica meadows	38.40015793	38.00725752	37.21050262	38.40255737	38.06389925	37.58109665	38.37047958	37.95723455	37.21050262	38.39561081	38.10676094	37.77649307	26.28209877	17.4875275	12.16333389	26.28209877	20.95364715	15.60171223	0.418466	0.157423	0.050642	0.46106	0.237088	0.065412
pal_bal_111	Ind	NA	NA	21.4	Unknown	38.37189865	37.97750487	37.14948654	38.38792419	38.05899511	37.56269836	38.32941055	37.93656628	37.14948654	38.3960762	38.11455431	37.80746841	26.09841537	17.12472091	11.75969124	26.09841537	20.52529619	15.49623203	0.493136	0.161514	0.041043	0.493522	0.287152	0.110653
pal_bal_112	Male	NA	NA	21.4	Unknown	38.37189865	37.97750487	37.14948654	38.38792419	38.05899511	37.56269836	38.32941055	37.93656628	37.14948654	38.3960762	38.11455431	37.80746841	26.09841537	17.12472091	11.75969124	26.09841537	20.52529619	15.49623203	0.493136	0.161514	0.041043	0.493522	0.287152	0.110653
pal_bal_113	Male	NA	NA	21.4	Unknown	38.37189865	37.97750487	37.14948654	38.38792419	38.05899511	37.56269836	38.32941055	37.93656628	37.14948654	38.3960762	38.11455431	37.80746841	26.09841537	17.12472091	11.75969124	26.09841537	20.52529619	15.49623203	0.493136	0.161514	0.041043	0.493522	0.287152	0.110653
pal_bal_114	Ind	NA	NA	23	Posidonia oceanica meadows	38.37516403	37.98414085	37.25152206	38.38788223	38.05435153	37.59449768	38.30590057	37.93866717	37.25152206	38.39771652	38.11152001	37.80784225	26.12793541	17.21704718	12.03981495	26.12793541	20.57857984	15.62806988	0.469061	0.155694	0.041854	0.48238	0.284977	0.108558
pal_bal_115	Ind	NA	NA	31.7	Posidonia oceanica meadows	38.37516403	37.98414085	37.25152206	38.38788223	38.05435153	37.59449768	38.30590057	37.93866717	37.25152206	38.39771652	38.11152001	37.80784225	26.12793541	17.21704718	12.03981495	26.12793541	20.57857984	15.62806988	0.469061	0.155694	0.041854	0.48238	0.284977	0.108558
pal_bal_116	Ind	NA	NA	23.3	Posidonia oceanica meadows	38.37516403	37.98414085	37.25152206	38.38788223	38.05435153	37.59449768	38.30590057	37.93866717	37.25152206	38.39771652	38.11152001	37.80784225	26.12793541	17.21704718	12.03981495	26.12793541	20.57857984	15.62806988	0.469061	0.155694	0.041854	0.48238	0.284977	0.108558
pal_bal_117	Male	NA	NA	52	Sandy mud	38.37516403	37.98414085	37.25152206	38.38788223	38.05435153	37.59449768	38.30590057	37.93866717	37.25152206	38.39771652	38.11152001	37.80784225	26.12793541	17.21704718	12.03981495	26.12793541	20.57857984	15.62806988	0.469061	0.155694	0.041854	0.48238	0.284977	0.108558
pal_bal_118	Female	NA	NA	41.4	Sandy mud	38.37516403	37.98414085	37.25152206	38.38788223	38.05435153	37.59449768	38.30590057	37.93866717	37.25152206	38.39771652	38.11152001	37.80784225	26.12793541	17.21704718	12.03981495	26.12793541	20.57857984	15.62806988	0.469061	0.155694	0.041854	0.48238	0.284977	0.108558
pal_bal_119	Female	NA	NA	51.2	Sandy mud	38.37516403	37.98414085	37.25152206	38.38788223	38.05435153	37.59449768	38.30590057	37.93866717	37.25152206	38.39771652	38.11152001	37.80784225	26.12793541	17.21704718	12.03981495	26.12793541	20.57857984	15.62806988	0.469061	0.155694	0.041854	0.48238	0.284977	0.108558
pal_bal_120	Male	NA	NA	27	Unknown	38.37516403	37.98414085	37.25152206	38.38788223	38.05435153	37.59449768	38.30590057	37.93866717	37.25152206	38.39771652	38.11152001	37.80784225	26.12793541	17.21704718	12.03981495	26.12793541	20.57857984	15.62806988	0.469061	0.155694	0.041854	0.48238	0.284977	0.108558
pal_bal_121	Ind	NA	NA	27	Unknown	38.37516403	37.98414085	37.25152206	38.38788223	38.05435153	37.59449768	38.30590057	37.93866717	37.25152206	38.39771652	38.11152001	37.80784225	26.12793541	17.21704718	12.03981495	26.12793541	20.57857984	15.62806988	0.469061	0.155694	0.041854	0.48238	0.284977	0.108558
pal_bal_122	Ind	NA	NA	27	Unknown	38.37516403	37.98414085	37.25152206	38.38788223	38.05435153	37.59449768	38.30590057	37.93866717	37.25152206	38.39771652	38.11152001	37.80784225	26.12793541	17.21704718	12.03981495	26.12793541	20.57857984	15.62806988	0.469061	0.155694	0.041854	0.48238	0.284977	0.108558
pal_bal_123	Ind	NA	NA	7.2	Sand	38.40048981	38.00072039	37.21955109	38.41723633	38.06030646	37.55530548	38.32710266	37.95048975	37.21955109	38.36598587	38.08992075	37.78057861	26.17745018	17.36903989	11.90459347	26.17745018	20.81068171	15.55764675	0.425218	0.155897	0.048969	0.517717	0.179466	0.038933
pal_bal_124	Female	NA	NA	5	Sand	38.40048981	38.00072039	37.21955109	38.41723633	38.06030646	37.55530548	38.32710266	37.95048975	37.21955109	38.36598587	38.08992075	37.78057861	26.17745018	17.36903989	11.90459347	26.17745018	20.81068171	15.55764675	0.425218	0.155897	0.048969	0.517717	0.179466	0.038933
pal_bal_126	Female	NA	NA	14	Posidonia oceanica meadows	38.40048981	38.00072039	37.21955109	38.41723633	38.06030646	37.55530548	38.32710266	37.95048975	37.21955109	38.36598587	38.08992075	37.78057861	26.17745018	17.36903989	11.90459347	26.17745018	20.81068171	15.55764675	0.425218	0.155897	0.048969	0.517717	0.179466	0.038933
pal_bal_127	Male	NA	NA	14	Posidonia oceanica meadows	38.40048981	38.00072039	37.21955109	38.41723633	38.06030646	37.55530548	38.32710266	37.95048975	37.21955109	38.36598587	38.08992075	37.78057861	26.17745018	17.36903989	11.90459347	26.17745018	20.81068171	15.55764675	0.425218	0.155897	0.048969	0.517717	0.179466	0.038933
pal_bal_128	Male	NA	NA	14	Posidonia oceanica meadows	38.40048981	38.00072039	37.21955109	38.41723633	38.06030646	37.55530548	38.32710266	37.95048975	37.21955109	38.36598587	38.08992075	37.78057861	26.17745018	17.36903989	11.90459347	26.17745018	20.81068171	15.55764675	0.425218	0.155897	0.048969	0.517717	0.179466	0.038933
pal_bal_129	Male	NA	NA	49.9	Sand	38.34283829	37.46809958	36.74876022	38.31388474	37.4901175	36.62871552	38.34283829	37.39319839	36.74876022	NA	NA	NA	28.79302216	19.29805067	12.88672161	28.79302216	23.36219073	17.17293167	0.131001	0.056215	0.02927	0.377124	0.105876	0.030726
pal_bal_130	Male	NA	NA	21	Sandy mud	38.17571259	37.40990671	36.7555809	38.24438858	37.4166123	36.62326431	38.17571259	37.34600315	36.7555809	NA	NA	NA	28.9286747	19.44044002	13.01113701	28.9286747	23.52296191	17.30446434	0.118205	0.054373	0.029488	0.30714	0.085631	0.028405
pal_bal_132	Female	NA	NA	22.3	Sand	38.16059113	37.42703144	36.87854004	NA	NA	NA	38.16059113	37.38321602	36.87854004	NA	NA	NA	29.42689896	19.48198444	12.58601093	29.42689896	23.65219241	17.13328743	0.118205	0.054373	0.029488	0.30714	0.085631	0.028405
pal_bal_133	Female	NA	NA	35	Sand	38.29855347	37.50995708	36.75767136	38.39400482	37.66840114	36.67808533	38.29855347	37.39856286	36.75767136	38.40373611	37.85059486	36.84823227	28.77630424	19.1944997	13.05834484	28.77630424	23.21807938	16.99077797	0.238454	0.069523	0.02918	0.324135	0.079577	0.028353
pal_bal_134	Male	NA	NA	35	Sand	38.29855347	37.50995708	36.75767136	38.39400482	37.66840114	36.67808533	38.29855347	37.39856286	36.75767136	38.40373611	37.85059486	36.84823227	28.77630424	19.1944997	13.05834484	28.77630424	23.21807938	16.99077797	0.238454	0.069523	0.02918	0.324135	0.079577	0.028353
pal_bal_135	Male	NA	NA	22.3	Sandy mud	38.28761292	37.4284569	36.74889374	38.26692581	37.4570361	36.62007904	38.28761292	37.35814255	36.74889374	NA	NA	NA	28.86770821	19.38858238	12.9696579	28.86770821	23.46048575	17.21422577	0.118205	0.054373	0.029488	0.30714	0.085631	0.028405
pal_bal_136	Female	NA	NA	22.3	Sandy mud	38.28761292	37.4284569	36.74889374	38.26692581	37.4570361	36.62007904	38.28761292	37.35814255	36.74889374	NA	NA	NA	28.86770821	19.38858238	12.9696579	28.86770821	23.46048575	17.21422577	0.118205	0.054373	0.029488	0.30714	0.085631	0.028405
pal_bal_137	Female	NA	NA	41.6	Coarse and mixed sediment	38.14225388	37.41195966	36.8570137	NA	NA	NA	38.14225388	37.36249091	36.8570137	NA	NA	NA	29.25357628	19.48597565	12.82108021	29.25357628	23.62044852	17.26333618	0.118205	0.054373	0.029488	0.30714	0.085631	0.028405
pal_bal_138	Female	NA	NA	21.6	Sand	38.16059113	37.42703144	36.87854004	NA	NA	NA	38.16059113	37.38321602	36.87854004	NA	NA	NA	29.42689896	19.48198444	12.58601093	29.42689896	23.65219241	17.13328743	0.118205	0.054373	0.029488	0.30714	0.085631	0.028405
pal_bal_139	Female	NA	NA	33.3	Sand	38.17571259	37.40990671	36.7555809	38.24438858	37.4166123	36.62326431	38.17571259	37.34600315	36.7555809	NA	NA	NA	28.9286747	19.44044002	13.01113701	28.9286747	23.52296191	17.30446434	0.118205	0.054373	0.029488	0.30714	0.085631	0.028405
pal_bal_140	Female	NA	NA	33.3	Sand	38.17571259	37.40990671	36.7555809	38.24438858	37.4166123	36.62326431	38.17571259	37.34600315	36.7555809	NA	NA	NA	28.9286747	19.44044002	13.01113701	28.9286747	23.52296191	17.30446434	0.118205	0.054373	0.029488	0.30714	0.085631	0.028405
pal_bal_141	Female	NA	NA	33.3	Sand	38.17571259	37.40990671	36.7555809	38.24438858	37.4166123	36.62326431	38.17571259	37.34600315	36.7555809	NA	NA	NA	28.9286747	19.44044002	13.01113701	28.9286747	23.52296191	17.30446434	0.118205	0.054373	0.029488	0.30714	0.085631	0.028405
pal_bal_143	Male	NA	NA	33.3	Sand	38.17571259	37.40990671	36.7555809	38.24438858	37.4166123	36.62326431	38.17571259	37.34600315	36.7555809	NA	NA	NA	28.9286747	19.44044002	13.01113701	28.9286747	23.52296191	17.30446434	0.118205	0.054373	0.029488	0.30714	0.085631	0.028405
pal_bal_144	Male	NA	NA	33.3	Sand	38.17571259	37.40990671	36.7555809	38.24438858	37.4166123	36.62326431	38.17571259	37.34600315	36.7555809	NA	NA	NA	28.9286747	19.44044002	13.01113701	28.9286747	23.52296191	17.30446434	0.118205	0.054373	0.029488	0.30714	0.085631	0.028405
pal_bal_145	Male	NA	NA	33.3	Sand	38.17571259	37.40990671	36.7555809	38.24438858	37.4166123	36.62326431	38.17571259	37.34600315	36.7555809	NA	NA	NA	28.9286747	19.44044002	13.01113701	28.9286747	23.52296191	17.30446434	0.118205	0.054373	0.029488	0.30714	0.085631	0.028405
pal_bal_146	Male	NA	NA	74.5	Sand	38.29855347	37.50995708	36.75767136	38.39400482	37.66840114	36.67808533	38.29855347	37.39856286	36.75767136	38.40373611	37.85059486	36.84823227	28.77630424	19.1944997	13.05834484	28.77630424	23.21807938	16.99077797	0.251081	0.072404	0.029227	0.378387	0.106501	0.028362
pal_bal_147	Male	NA	NA	74.5	Sand	38.29855347	37.50995708	36.75767136	38.39400482	37.66840114	36.67808533	38.29855347	37.39856286	36.75767136	38.40373611	37.85059486	36.84823227	28.77630424	19.1944997	13.05834484	28.77630424	23.21807938	16.99077797	0.251081	0.072404	0.029227	0.378387	0.106501	0.028362
pal_bal_148	Male	NA	NA	74.5	Sand	38.29855347	37.50995708	36.75767136	38.39400482	37.66840114	36.67808533	38.29855347	37.39856286	36.75767136	38.40373611	37.85059486	36.84823227	28.77630424	19.1944997	13.05834484	28.77630424	23.21807938	16.99077797	0.251081	0.072404	0.029227	0.378387	0.106501	0.028362
pal_bal_149	Female	NA	NA	74.5	Sand	38.29855347	37.50995708	36.75767136	38.39400482	37.66840114	36.67808533	38.29855347	37.39856286	36.75767136	38.40373611	37.85059486	36.84823227	28.77630424	19.1944997	13.05834484	28.77630424	23.21807938	16.99077797	0.251081	0.072404	0.029227	0.378387	0.106501	0.028362
pal_bal_150	Female	NA	NA	74.5	Sand	38.29855347	37.50995708	36.75767136	38.39400482	37.66840114	36.67808533	38.29855347	37.39856286	36.75767136	38.40373611	37.85059486	36.84823227	28.77630424	19.1944997	13.05834484	28.77630424	23.21807938	16.99077797	0.251081	0.072404	0.029227	0.378387	0.106501	0.028362
pal_bal_151	Male	NA	NA	74.5	Sand	38.29855347	37.50995708	36.75767136	38.39400482	37.66840114	36.67808533	38.29855347	37.39856286	36.75767136	38.40373611	37.85059486	36.84823227	28.77630424	19.1944997	13.05834484	28.77630424	23.21807938	16.99077797	0.251081	0.072404	0.029227	0.378387	0.106501	0.028362
pal_bal_152	Male	NA	NA	66.2	Sand	38.29855347	37.50995708	36.75767136	38.39400482	37.66840114	36.67808533	38.29855347	37.39856286	36.75767136	38.40373611	37.85059486	36.84823227	28.77630424	19.1944997	13.05834484	28.77630424	23.21807938	16.99077797	0.251081	0.072404	0.029227	0.378387	0.106501	0.028362
pal_bal_153	Male	NA	NA	66.2	Sand	38.29855347	37.50995708	36.75767136	38.39400482	37.66840114	36.67808533	38.29855347	37.39856286	36.75767136	38.40373611	37.85059486	36.84823227	28.77630424	19.1944997	13.05834484	28.77630424	23.21807938	16.99077797	0.251081	0.072404	0.029227	0.378387	0.106501	0.028362
pal_bal_154	Male	NA	NA	21.6	Sand	38.16059113	37.42703144	36.87854004	NA	NA	NA	38.16059113	37.38321602	36.87854004	NA	NA	NA	29.42689896	19.48198444	12.58601093	29.42689896	23.65219241	17.13328743	0.118205	0.054373	0.029488	0.30714	0.085631	0.028405
pal_bal_155	Male	NA	NA	48.5	Coarse and mixed sediment	38.17571259	37.40990671	36.7555809	38.24438858	37.4166123	36.62326431	38.17571259	37.34600315	36.7555809	NA	NA	NA	28.9286747	19.44044002	13.01113701	28.9286747	23.52296191	17.30446434	0.118205	0.054373	0.029488	0.30714	0.085631	0.028405
pal_bal_156	Male	NA	NA	48.5	Coarse and mixed sediment	38.17571259	37.40990671	36.7555809	38.24438858	37.4166123	36.62326431	38.17571259	37.34600315	36.7555809	NA	NA	NA	28.9286747	19.44044002	13.01113701	28.9286747	23.52296191	17.30446434	0.118205	0.054373	0.029488	0.30714	0.085631	0.028405
pal_bal_157	Male	NA	NA	31.6	Sand	38.17571259	37.40990671	36.7555809	38.24438858	37.4166123	36.62326431	38.17571259	37.34600315	36.7555809	NA	NA	NA	28.9286747	19.44044002	13.01113701	28.9286747	23.52296191	17.30446434	0.118205	0.054373	0.029488	0.30714	0.085631	0.028405
pal_bal_158	Female	NA	NA	42	Sand	38.17571259	37.40990671	36.7555809	38.24438858	37.4166123	36.62326431	38.17571259	37.34600315	36.7555809	NA	NA	NA	28.9286747	19.44044002	13.01113701	28.9286747	23.52296191	17.30446434	0.118205	0.054373	0.029488	0.30714	0.085631	0.028405
pal_bal_159	Female	NA	NA	69.9	Sand	38.29855347	37.50995708	36.75767136	38.39400482	37.66840114	36.67808533	38.29855347	37.39856286	36.75767136	38.40373611	37.85059486	36.84823227	28.77630424	19.1944997	13.05834484	28.77630424	23.21807938	16.99077797	0.244575	0.071964	0.029102	0.41238	0.12399	0.030676
pal_bal_160	Female	NA	NA	69.9	Sand	38.29855347	37.50995708	36.75767136	38.39400482	37.66840114	36.67808533	38.29855347	37.39856286	36.75767136	38.40373611	37.85059486	36.84823227	28.77630424	19.1944997	13.05834484	28.77630424	23.21807938	16.99077797	0.244575	0.071964	0.029102	0.41238	0.12399	0.030676
pal_bal_161	Female	NA	NA	69.9	Sand	38.29855347	37.50995708	36.75767136	38.39400482	37.66840114	36.67808533	38.29855347	37.39856286	36.75767136	38.40373611	37.85059486	36.84823227	28.77630424	19.1944997	13.05834484	28.77630424	23.21807938	16.99077797	0.244575	0.071964	0.029102	0.41238	0.12399	0.030676
pal_bal_162	Female	NA	NA	69.9	Sand	38.29855347	37.50995708	36.75767136	38.39400482	37.66840114	36.67808533	38.29855347	37.39856286	36.75767136	38.40373611	37.85059486	36.84823227	28.77630424	19.1944997	13.05834484	28.77630424	23.21807938	16.99077797	0.244575	0.071964	0.029102	0.41238	0.12399	0.030676
pal_bal_163	Female	NA	NA	69.9	Sand	38.29855347	37.50995708	36.75767136	38.39400482	37.66840114	36.67808533	38.29855347	37.39856286	36.75767136	38.40373611	37.85059486	36.84823227	28.77630424	19.1944997	13.05834484	28.77630424	23.21807938	16.99077797	0.244575	0.071964	0.029102	0.41238	0.12399	0.030676
pal_bal_164	Male	NA	NA	69.9	Sand	38.29855347	37.50995708	36.75767136	38.39400482	37.66840114	36.67808533	38.29855347	37.39856286	36.75767136	38.40373611	37.85059486	36.84823227	28.77630424	19.1944997	13.05834484	28.77630424	23.21807938	16.99077797	0.244575	0.071964	0.029102	0.41238	0.12399	0.030676
pal_bal_165	Female	NA	NA	69.9	Sand	38.29855347	37.50995708	36.75767136	38.39400482	37.66840114	36.67808533	38.29855347	37.39856286	36.75767136	38.40373611	37.85059486	36.84823227	28.77630424	19.1944997	13.05834484	28.77630424	23.21807938	16.99077797	0.244575	0.071964	0.029102	0.41238	0.12399	0.030676
pal_bal_166	Male	NA	NA	67.8	Sand	38.29855347	37.50995708	36.75767136	38.39400482	37.66840114	36.67808533	38.29855347	37.39856286	36.75767136	38.40373611	37.85059486	36.84823227	28.77630424	19.1944997	13.05834484	28.77630424	23.21807938	16.99077797	0.244575	0.071964	0.029102	0.41238	0.12399	0.030676
pal_bal_167	Female	NA	NA	67.2	Sand	38.29855347	37.50995708	36.75767136	38.39400482	37.66840114	36.67808533	38.29855347	37.39856286	36.75767136	38.40373611	37.85059486	36.84823227	28.77630424	19.1944997	13.05834484	28.77630424	23.21807938	16.99077797	0.244575	0.071964	0.029102	0.41238	0.12399	0.030676
pal_bal_168	Female	NA	NA	67.2	Sand	38.29855347	37.50995708	36.75767136	38.39400482	37.66840114	36.67808533	38.29855347	37.39856286	36.75767136	38.40373611	37.85059486	36.84823227	28.77630424	19.1944997	13.05834484	28.77630424	23.21807938	16.99077797	0.244575	0.071964	0.029102	0.41238	0.12399	0.030676
pal_bal_169	Female	NA	NA	67.2	Sand	38.29855347	37.50995708	36.75767136	38.39400482	37.66840114	36.67808533	38.29855347	37.39856286	36.75767136	38.40373611	37.85059486	36.84823227	28.77630424	19.1944997	13.05834484	28.77630424	23.21807938	16.99077797	0.244575	0.071964	0.029102	0.41238	0.12399	0.030676
pal_bal_170	Female	NA	NA	67.2	Sand	38.29855347	37.50995708	36.75767136	38.39400482	37.66840114	36.67808533	38.29855347	37.39856286	36.75767136	38.40373611	37.85059486	36.84823227	28.77630424	19.1944997	13.05834484	28.77630424	23.21807938	16.99077797	0.244575	0.071964	0.029102	0.41238	0.12399	0.030676
pal_bal_171	Male	NA	NA	49.5	Sand	38.29855347	37.50995708	36.75767136	38.39400482	37.66840114	36.67808533	38.29855347	37.39856286	36.75767136	38.40373611	37.85059486	36.84823227	28.77630424	19.1944997	13.05834484	28.77630424	23.21807938	16.99077797	0.244575	0.071964	0.029102	0.41238	0.12399	0.030676
pal_bal_172	Female	NA	NA	23.8	Posidonia oceanica meadows	38.39899063	37.52431275	36.82176208	NA	NA	NA	38.39899063	37.44968281	36.83044052	NA	NA	NA	29.0394001	19.28019553	12.73580837	29.0394001	23.40814048	16.93598366	0.122104	0.056443	0.029235	0.186569	0.061491	0.027987
pal_bal_173	Male	NA	NA	59.7	Sand	38.31900024	37.44639652	36.74768829	38.28905487	37.4839697	36.6187706	38.31900024	37.36987958	36.74768829	NA	NA	NA	28.82793808	19.34195523	12.95620728	28.82793808	23.40324105	17.17889595	0.134997	0.056598	0.029213	0.423728	0.129099	0.032381
pal_bal_174	Male	NA	NA	59.7	Sand	38.31900024	37.44639652	36.74768829	38.28905487	37.4839697	36.6187706	38.31900024	37.36987958	36.74768829	NA	NA	NA	28.82793808	19.34195523	12.95620728	28.82793808	23.40324105	17.17889595	0.134997	0.056598	0.029213	0.423728	0.129099	0.032381
pal_bal_175	Male	NA	NA	59.7	Sand	38.31900024	37.44639652	36.74768829	38.28905487	37.4839697	36.6187706	38.31900024	37.36987958	36.74768829	NA	NA	NA	28.82793808	19.34195523	12.95620728	28.82793808	23.40324105	17.17889595	0.134997	0.056598	0.029213	0.423728	0.129099	0.032381
pal_bal_176	Male	NA	NA	59.7	Sand	38.31900024	37.44639652	36.74768829	38.28905487	37.4839697	36.6187706	38.31900024	37.36987958	36.74768829	NA	NA	NA	28.82793808	19.34195523	12.95620728	28.82793808	23.40324105	17.17889595	0.134997	0.056598	0.029213	0.423728	0.129099	0.032381
pal_bal_177	Female	NA	NA	58.7	Rock or other hard substrata	38.31900024	37.44639652	36.74768829	38.28905487	37.4839697	36.6187706	38.31900024	37.36987958	36.74768829	NA	NA	NA	28.82793808	19.34195523	12.95620728	28.82793808	23.40324105	17.17889595	0.134997	0.056598	0.029213	0.423728	0.129099	0.032381
pal_bal_178	Male	NA	NA	58.7	Rock or other hard substrata	38.31900024	37.44639652	36.74768829	38.28905487	37.4839697	36.6187706	38.31900024	37.36987958	36.74768829	NA	NA	NA	28.82793808	19.34195523	12.95620728	28.82793808	23.40324105	17.17889595	0.134997	0.056598	0.029213	0.423728	0.129099	0.032381
pal_bal_179	Male	NA	NA	60.2	Sand	38.31900024	37.44639652	36.74768829	38.28905487	37.4839697	36.6187706	38.31900024	37.36987958	36.74768829	NA	NA	NA	28.82793808	19.34195523	12.95620728	28.82793808	23.40324105	17.17889595	0.134997	0.056598	0.029213	0.423728	0.129099	0.032381
pal_bal_180	Male	NA	NA	60.2	Sand	38.31900024	37.44639652	36.74768829	38.28905487	37.4839697	36.6187706	38.31900024	37.36987958	36.74768829	NA	NA	NA	28.82793808	19.34195523	12.95620728	28.82793808	23.40324105	17.17889595	0.134997	0.056598	0.029213	0.423728	0.129099	0.032381
pal_bal_181	Male	NA	NA	60.2	Sand	38.31900024	37.44639652	36.74768829	38.28905487	37.4839697	36.6187706	38.31900024	37.36987958	36.74768829	NA	NA	NA	28.82793808	19.34195523	12.95620728	28.82793808	23.40324105	17.17889595	0.134997	0.056598	0.029213	0.423728	0.129099	0.032381
pal_bal_182	Male	NA	NA	64.5	Sand	38.31900024	37.44639652	36.74768829	38.28905487	37.4839697	36.6187706	38.31900024	37.36987958	36.74768829	NA	NA	NA	28.82793808	19.34195523	12.95620728	28.82793808	23.40324105	17.17889595	0.134997	0.056598	0.029213	0.423728	0.129099	0.032381
pal_spaAL_001	NA	NA	NA	65.8	Rock or other hard substrata	38.16281891	37.0438294	36.34989548	38.52855682	37.46021605	36.36042786	37.78085327	36.89409133	36.34989548	38.52855682	37.74428512	36.99755478	28.23288918	19.43543727	13.40833855	28.23288918	23.18996508	17.04886818	0.591929	0.12071	0.045994	0.458249	0.332482	0.146543
pal_spaAL_002	NA	NA	NA	65.8	Rock or other hard substrata	38.16281891	37.0438294	36.34989548	38.52855682	37.46021605	36.36042786	37.78085327	36.89409133	36.34989548	38.52855682	37.74428512	36.99755478	28.23288918	19.43543727	13.40833855	28.23288918	23.18996508	17.04886818	0.591929	0.12071	0.045994	0.458249	0.332482	0.146543
pal_spaAL_003	NA	NA	NA	65.8	Rock or other hard substrata	38.16281891	37.0438294	36.34989548	38.52855682	37.46021605	36.36042786	37.78085327	36.89409133	36.34989548	38.52855682	37.74428512	36.99755478	28.23288918	19.43543727	13.40833855	28.23288918	23.18996508	17.04886818	0.591929	0.12071	0.045994	0.458249	0.332482	0.146543
pal_spaAL_004	NA	NA	NA	43	Muddy sand	38.19032288	37.07955343	36.36802673	38.52323532	37.45765204	36.38385391	37.84067535	36.92584829	36.36802673	38.52323532	37.71133103	36.95915985	28.22233772	19.43944407	13.31881428	28.22233772	23.24605382	16.98274231	0.591929	0.12071	0.045994	0.458249	0.332482	0.146543
pal_spaAL_005	NA	NA	NA	43	Muddy sand	38.19032288	37.07955343	36.36802673	38.52323532	37.45765204	36.38385391	37.84067535	36.92584829	36.36802673	38.52323532	37.71133103	36.95915985	28.22233772	19.43944407	13.31881428	28.22233772	23.24605382	16.98274231	0.591929	0.12071	0.045994	0.458249	0.332482	0.146543
pal_spaAL_006	NA	NA	NA	43	Muddy sand	38.19032288	37.07955343	36.36802673	38.52323532	37.45765204	36.38385391	37.84067535	36.92584829	36.36802673	38.52323532	37.71133103	36.95915985	28.22233772	19.43944407	13.31881428	28.22233772	23.24605382	16.98274231	0.591929	0.12071	0.045994	0.458249	0.332482	0.146543
pan_fra_006	NA	NA	280	NA	Sand	38.54605484	37.87586891	36.89262772	NA	NA	NA	38.54605484	37.95041538	37.26829147	NA	NA	NA	26.0081234	16.37975728	9.645355225	26.0081234	19.98321023	13.94511223	0.796011	0.230293	0.054062	0.683506	0.263577	0.059794
pan_fra_007	NA	NA	300	NA	Sand	38.52090454	37.86159869	36.83696365	NA	NA	NA	38.52090454	37.93808466	37.21274567	NA	NA	NA	26.01538277	16.4185854	9.839643478	26.01538277	20.0013209	14.19434452	0.940433	0.274135	0.061793	0.739818	0.244639	0.045425
pan_fra_008	NA	NA	250	NA	Muddy sand	38.46371841	37.9587259	36.94919205	NA	NA	NA	38.46371841	37.94409943	36.94919205	NA	NA	NA	26.09504509	16.81966508	9.837561607	26.09504509	20.4197052	14.56587601	0.545516	0.179689	0.047511	0.605198	0.185634	0.043044
pan_fra_009	NA	NA	220	NA	Muddy sand	38.47118378	37.95400268	36.95966339	NA	NA	NA	38.47118378	37.94305104	36.95966339	NA	NA	NA	26.06669426	16.79075193	9.846750259	26.06669426	20.39668732	14.61804771	0.57969	0.190799	0.050274	0.628461	0.190844	0.041782
pan_spaS_001	Male	355	420	90	Sand	38.0251236	36.85568123	36.17507172	38.43309784	37.34373029	36.17482758	37.86534119	36.72998246	36.17507172	38.29256439	37.78373168	36.38926315	27.95873833	19.16299405	13.89673328	27.95873833	22.5270293	16.86179924	0.783467	0.138836	0.040093	0.273161	0.173779	0.070577
pan_spaS_002	Female	440	510	93.6	Sand	38.03880692	36.87228637	36.17313766	38.17180634	36.98410677	36.17287064	37.93606949	36.74446297	36.17313766	NA	NA	NA	27.99213791	19.18398908	13.86409473	27.99213791	22.58039754	16.86329842	0.770255	0.138007	0.040384	0.271626	0.173306	0.070806
pan_spaS_003	Male	284	344	81	Sand	38.03880692	36.87228637	36.17313766	38.17180634	36.98410677	36.17287064	37.93606949	36.74446297	36.17313766	NA	NA	NA	27.99213791	19.18398908	13.86409473	27.99213791	22.58039754	16.86329842	0.783467	0.138836	0.040093	0.273161	0.173779	0.070577
pan_spaS_004	NA	239	294	81	Rock or other hard substrata	37.96279526	36.76282443	36.12534332	38.34469223	37.21555516	36.15190125	37.65825653	36.62374828	36.12534332	38.2451973	37.5556567	36.39888763	27.6259861	18.97474543	13.85198689	27.6259861	22.12399421	16.43827248	1.007017	0.157469	0.040477	0.086131	0.054945	0.037997
pan_spaS_005	NA	271	328	81	Rock or other hard substrata	37.96279526	36.76282443	36.12534332	38.34469223	37.21555516	36.15190125	37.65825653	36.62374828	36.12534332	38.2451973	37.5556567	36.39888763	27.6259861	18.97474543	13.85198689	27.6259861	22.12399421	16.43827248	1.007017	0.157469	0.040477	0.086131	0.054945	0.037997
pan_spaS_006	NA	297	360	81	Rock or other hard substrata	37.96279526	36.76282443	36.12534332	38.34469223	37.21555516	36.15190125	37.65825653	36.62374828	36.12534332	38.2451973	37.5556567	36.39888763	27.6259861	18.97474543	13.85198689	27.6259861	22.12399421	16.43827248	1.007017	0.157469	0.040477	0.086131	0.054945	0.037997
pan_spaS_007	NA	330	406	77.4	Sand	37.95683289	36.76666309	36.1270752	38.35348129	37.24071189	36.16299438	37.66374969	36.62966719	36.1270752	38.3025589	37.71291313	36.41825104	27.67111015	18.98606622	13.88314915	27.67111015	22.14624772	16.4282856	0.995615	0.156648	0.040431	0.029564	0.022294	0.017456
pan_spaS_008	NA	383	470	77.4	Sand	37.95683289	36.76666309	36.1270752	38.35348129	37.24071189	36.16299438	37.66374969	36.62966719	36.1270752	38.3025589	37.71291313	36.41825104	27.67111015	18.98606622	13.88314915	27.67111015	22.14624772	16.4282856	0.995615	0.156648	0.040431	0.029564	0.022294	0.017456
pan_spaS_009	Female	425	505	77.4	Sand	37.95683289	36.76666309	36.1270752	38.35348129	37.24071189	36.16299438	37.66374969	36.62966719	36.1270752	38.3025589	37.71291313	36.41825104	27.67111015	18.98606622	13.88314915	27.67111015	22.14624772	16.4282856	0.995615	0.156648	0.040431	0.029564	0.022294	0.017456
pan_spaS_010	NA	400	484	81	Sand	38.0181427	36.83874137	36.1648407	38.45053101	37.2764242	36.16457748	37.84625626	36.7091889	36.1648407	38.2476387	37.63253325	36.44807053	27.91695023	19.10130357	13.91888332	27.91695023	22.40713998	16.52201462	0.887338	0.149166	0.040362	0.005724	0.005576	0.005296
pan_spaS_011	NA	365	438	81	Sand	38.0181427	36.83874137	36.1648407	38.45053101	37.2764242	36.16457748	37.84625626	36.7091889	36.1648407	38.2476387	37.63253325	36.44807053	27.91695023	19.10130357	13.91888332	27.91695023	22.40713998	16.52201462	0.887338	0.149166	0.040362	0.005724	0.005576	0.005296
pan_spaS_012	NA	382	452	81	Sand	38.0181427	36.83874137	36.1648407	38.45053101	37.2764242	36.16457748	37.84625626	36.7091889	36.1648407	38.2476387	37.63253325	36.44807053	27.91695023	19.10130357	13.91888332	27.91695023	22.40713998	16.52201462	0.887338	0.149166	0.040362	0.005724	0.005576	0.005296
pan_spaS_013	NA	387	463	81	Sand	37.95683289	36.76666309	36.1270752	38.35348129	37.24071189	36.16299438	37.66374969	36.62966719	36.1270752	38.3025589	37.71291313	36.41825104	27.67111015	18.98606622	13.88314915	27.67111015	22.14624772	16.4282856	0.995615	0.156648	0.040431	0.029564	0.022294	0.017456
pan_spaS_014	NA	299	358	81	Sand	37.95683289	36.76666309	36.1270752	38.35348129	37.24071189	36.16299438	37.66374969	36.62966719	36.1270752	38.3025589	37.71291313	36.41825104	27.67111015	18.98606622	13.88314915	27.67111015	22.14624772	16.4282856	0.995615	0.156648	0.040431	0.029564	0.022294	0.017456
pan_spaS_015	NA	288	345	91.8	Sand	37.95683289	36.76666309	36.1270752	38.35348129	37.24071189	36.16299438	37.66374969	36.62966719	36.1270752	38.3025589	37.71291313	36.41825104	27.67111015	18.98606622	13.88314915	27.67111015	22.14624772	16.4282856	0.995615	0.156648	0.040431	0.029564	0.022294	0.017456
pan_spaS_016	NA	363	441	91.8	Sand	37.95683289	36.76666309	36.1270752	38.35348129	37.24071189	36.16299438	37.66374969	36.62966719	36.1270752	38.3025589	37.71291313	36.41825104	27.67111015	18.98606622	13.88314915	27.67111015	22.14624772	16.4282856	0.995615	0.156648	0.040431	0.029564	0.022294	0.017456
pan_spaS_017	NA	274	326	91.8	Sand	37.95683289	36.76666309	36.1270752	38.35348129	37.24071189	36.16299438	37.66374969	36.62966719	36.1270752	38.3025589	37.71291313	36.41825104	27.67111015	18.98606622	13.88314915	27.67111015	22.14624772	16.4282856	0.995615	0.156648	0.040431	0.029564	0.022294	0.017456
pan_spaS_018	Male	235	283	81	Sand	38.00093842	36.81276107	36.16363144	38.45179367	37.31143511	36.16341019	37.77619171	36.68019361	36.16363144	38.3157692	37.76861601	36.44703674	27.84686089	19.04896972	13.92402458	27.84686089	22.29939856	16.35613823	0.936391	0.152046	0.040309	0.005364	0.005241	0.004967
pan_spaS_019	Male	250	307	81	Sand	38.00093842	36.81276107	36.16363144	38.45179367	37.31143511	36.16341019	37.77619171	36.68019361	36.16363144	38.3157692	37.76861601	36.44703674	27.84686089	19.04896972	13.92402458	27.84686089	22.29939856	16.35613823	0.936391	0.152046	0.040309	0.005364	0.005241	0.004967
pan_spaS_020	Female	290	350	72	Coarse and mixed sediment	38.00093842	36.81276107	36.16363144	38.45179367	37.31143511	36.16341019	37.77619171	36.68019361	36.16363144	38.3157692	37.76861601	36.44703674	27.84686089	19.04896972	13.92402458	27.84686089	22.29939856	16.35613823	0.957832	0.153812	0.040358	0.043051	0.030854	0.023714
pan_spaS_021	Female	379	460	72	Coarse and mixed sediment	38.00093842	36.81276107	36.16363144	38.45179367	37.31143511	36.16341019	37.77619171	36.68019361	36.16363144	38.3157692	37.76861601	36.44703674	27.84686089	19.04896972	13.92402458	27.84686089	22.29939856	16.35613823	0.957832	0.153812	0.040358	0.043051	0.030854	0.023714
pan_spaS_022	Female	335	398	72	Coarse and mixed sediment	38.00093842	36.81276107	36.16363144	38.45179367	37.31143511	36.16341019	37.77619171	36.68019361	36.16363144	38.3157692	37.76861601	36.44703674	27.84686089	19.04896972	13.92402458	27.84686089	22.29939856	16.35613823	0.957832	0.153812	0.040358	0.043051	0.030854	0.023714
pan_spaS_024	Female	393	467	91.8	Sand	38.00093842	36.81276107	36.16363144	38.45179367	37.31143511	36.16341019	37.77619171	36.68019361	36.16363144	38.3157692	37.76861601	36.44703674	27.84686089	19.04896972	13.92402458	27.84686089	22.29939856	16.35613823	0.995615	0.156648	0.040431	0.029564	0.022294	0.017456
pan_spaS_025	Male	338	400	90	Sand	38.00093842	36.81276107	36.16363144	38.45179367	37.31143511	36.16341019	37.77619171	36.68019361	36.16363144	38.3157692	37.76861601	36.44703674	27.84686089	19.04896972	13.92402458	27.84686089	22.29939856	16.35613823	0.995615	0.156648	0.040431	0.029564	0.022294	0.017456
pan_spaS_026	Male	246	295	81	Sand	38.00093842	36.81276107	36.16363144	38.45179367	37.31143511	36.16341019	37.77619171	36.68019361	36.16363144	38.3157692	37.76861601	36.44703674	27.84686089	19.04896972	13.92402458	27.84686089	22.29939856	16.35613823	0.995615	0.156648	0.040431	0.029564	0.022294	0.017456
pan_spaS_027	Male	298	355	52.2	Muddy sand	38.13114548	36.93218035	36.16351318	38.32349396	37.27928366	36.16322708	37.9156723	36.78996299	36.16351318	38.16690826	37.60457925	36.47257614	28.19444275	19.2782901	13.85257721	28.19444275	22.75036132	16.77983284	0.655501	0.129032	0.039759	0.009702	0.008662	0.007884
pan_spaS_028	Male	416	495	95.4	Sand	38.08080673	36.97718277	36.30432892	38.24798203	37.31637653	36.33423615	37.82676315	36.82569743	36.30432892	NA	NA	NA	28.52365303	19.36485848	13.41958714	28.52365303	22.9691216	16.92256546	0.648163	0.124156	0.039915	0.347546	0.239846	0.114042
pan_spaS_029	Male	365	425	95.4	Sand	38.08080673	36.97718277	36.30432892	38.24798203	37.31637653	36.33423615	37.82676315	36.82569743	36.30432892	NA	NA	NA	28.52365303	19.36485848	13.41958714	28.52365303	22.9691216	16.92256546	0.648163	0.124156	0.039915	0.347546	0.239846	0.114042
pan_spaS_030	Male	370	435	95.4	Sand	38.08080673	36.97718277	36.30432892	38.24798203	37.31637653	36.33423615	37.82676315	36.82569743	36.30432892	NA	NA	NA	28.52365303	19.36485848	13.41958714	28.52365303	22.9691216	16.92256546	0.648163	0.124156	0.039915	0.347546	0.239846	0.114042
pan_spaS_031	Male	371	450	72	Sand	38.08080673	36.97718277	36.30432892	38.24798203	37.31637653	36.33423615	37.82676315	36.82569743	36.30432892	NA	NA	NA	28.52365303	19.36485848	13.41958714	28.52365303	22.9691216	16.92256546	0.648163	0.124156	0.039915	0.347546	0.239846	0.114042
pan_spaS_032	Male	270	338	72	Sand	38.08080673	36.97718277	36.30432892	38.24798203	37.31637653	36.33423615	37.82676315	36.82569743	36.30432892	NA	NA	NA	28.52365303	19.36485848	13.41958714	28.52365303	22.9691216	16.92256546	0.648163	0.124156	0.039915	0.347546	0.239846	0.114042
pan_spaS_033	Male	320	395	72	Sand	38.08080673	36.97718277	36.30432892	38.24798203	37.31637653	36.33423615	37.82676315	36.82569743	36.30432892	NA	NA	NA	28.52365303	19.36485848	13.41958714	28.52365303	22.9691216	16.92256546	0.648163	0.124156	0.039915	0.347546	0.239846	0.114042
pan_spaS_034	Female	328	410	57.6	Sand	38.08080673	36.97718277	36.30432892	38.24798203	37.31637653	36.33423615	37.82676315	36.82569743	36.30432892	NA	NA	NA	28.52365303	19.36485848	13.41958714	28.52365303	22.9691216	16.92256546	0.648163	0.124156	0.039915	0.347546	0.239846	0.114042
pan_spaS_035	Male	334	420	57.6	Sand	38.08080673	36.97718277	36.30432892	38.24798203	37.31637653	36.33423615	37.82676315	36.82569743	36.30432892	NA	NA	NA	28.52365303	19.36485848	13.41958714	28.52365303	22.9691216	16.92256546	0.648163	0.124156	0.039915	0.347546	0.239846	0.114042
pan_spaS_036	Female	294	360	57.6	Sand	38.08080673	36.97718277	36.30432892	38.24798203	37.31637653	36.33423615	37.82676315	36.82569743	36.30432892	NA	NA	NA	28.52365303	19.36485848	13.41958714	28.52365303	22.9691216	16.92256546	0.648163	0.124156	0.039915	0.347546	0.239846	0.114042
pan_spaS_037	Male	320	384	144	Sand	38.10050583	37.00284551	36.31180573	38.24437332	37.30025528	36.33475876	37.83585739	36.85142008	36.31180573	NA	NA	NA	28.47811508	19.37195953	13.35516357	28.47811508	23.01529697	16.94388771	0.648163	0.124156	0.039915	0.347546	0.239846	0.114042
pan_spaS_038	Female	286	340	144	Sand	38.10050583	37.00284551	36.31180573	38.24437332	37.30025528	36.33475876	37.83585739	36.85142008	36.31180573	NA	NA	NA	28.47811508	19.37195953	13.35516357	28.47811508	23.01529697	16.94388771	0.648163	0.124156	0.039915	0.347546	0.239846	0.114042
pan_spaS_039	Female	300	362	144	Sand	38.10050583	37.00284551	36.31180573	38.24437332	37.30025528	36.33475876	37.83585739	36.85142008	36.31180573	NA	NA	NA	28.47811508	19.37195953	13.35516357	28.47811508	23.01529697	16.94388771	0.648163	0.124156	0.039915	0.347546	0.239846	0.114042
pan_spaS_040	Male	296	355	90	Sand	38.07531357	36.97040207	36.29876709	38.40275574	37.46527893	36.32200623	37.80953598	36.8239161	36.29876709	38.37963486	37.80540035	36.89489746	28.54266167	19.39002097	13.42148018	28.54266167	23.00246198	17.00768471	0.648163	0.124156	0.039915	0.347546	0.239846	0.114042
pan_spaS_041	Male	279	337	90	Sand	38.07531357	36.97040207	36.29876709	38.40275574	37.46527893	36.32200623	37.80953598	36.8239161	36.29876709	38.37963486	37.80540035	36.89489746	28.54266167	19.39002097	13.42148018	28.54266167	23.00246198	17.00768471	0.648163	0.124156	0.039915	0.347546	0.239846	0.114042
pan_spaS_042	Male	285	347	90	Sand	38.07531357	36.97040207	36.29876709	38.40275574	37.46527893	36.32200623	37.80953598	36.8239161	36.29876709	38.37963486	37.80540035	36.89489746	28.54266167	19.39002097	13.42148018	28.54266167	23.00246198	17.00768471	0.648163	0.124156	0.039915	0.347546	0.239846	0.114042
pan_spaS_043	Female	305	370	82.8	Sand	38.07600784	36.89194412	36.16805267	38.3870163	37.32874435	36.16772842	37.957901	36.76082778	36.16805267	38.21972275	37.67893511	36.39800644	28.03103065	19.21778723	13.88200474	28.03103065	22.63969848	16.90876579	0.641584	0.126494	0.039727	0.008274	0.007648	0.007219
pan_spaS_044	Male	371	445	81	Muddy sand	38.08738708	36.95148808	36.19762421	38.33312988	37.46180342	36.26361847	37.80854416	36.80782844	36.19762421	38.32995224	37.83421326	36.74979401	28.40719414	19.38705319	13.73341846	28.40719414	22.94156396	17.08926582	0.708623	0.136279	0.03936	0.324626	0.216711	0.100458
pan_spaS_045	Male	380	446	81	Muddy sand	38.08738708	36.95148808	36.19762421	38.33312988	37.46180342	36.26361847	37.80854416	36.80782844	36.19762421	38.32995224	37.83421326	36.74979401	28.40719414	19.38705319	13.73341846	28.40719414	22.94156396	17.08926582	0.708623	0.136279	0.03936	0.324626	0.216711	0.100458
pan_spaS_046	Female	290	360	108	Sand	38.05115128	36.94427399	36.28366852	38.38069153	37.44830152	36.33253479	37.80814362	36.79615475	36.28366852	38.39401627	37.84652117	36.97948074	28.55784798	19.37502732	13.50484562	28.55784798	22.93888913	16.96741295	0.648163	0.124156	0.039915	0.347546	0.239846	0.114042
pan_spaS_047	Female	403	470	108	Sand	38.05115128	36.94427399	36.28366852	38.38069153	37.44830152	36.33253479	37.80814362	36.79615475	36.28366852	38.39401627	37.84652117	36.97948074	28.55784798	19.37502732	13.50484562	28.55784798	22.93888913	16.96741295	0.648163	0.124156	0.039915	0.347546	0.239846	0.114042
pan_spaS_048	Male	465	530	108	Sand	38.05115128	36.94427399	36.28366852	38.38069153	37.44830152	36.33253479	37.80814362	36.79615475	36.28366852	38.39401627	37.84652117	36.97948074	28.55784798	19.37502732	13.50484562	28.55784798	22.93888913	16.96741295	0.648163	0.124156	0.039915	0.347546	0.239846	0.114042
pan_spaS_049	Male	525	580	108	Sand	38.05115128	36.94427399	36.28366852	38.38069153	37.44830152	36.33253479	37.80814362	36.79615475	36.28366852	38.39401627	37.84652117	36.97948074	28.55784798	19.37502732	13.50484562	28.55784798	22.93888913	16.96741295	0.648163	0.124156	0.039915	0.347546	0.239846	0.114042
pan_spaS_050	Female	350	420	108	Sand	38.05115128	36.94427399	36.28366852	38.38069153	37.44830152	36.33253479	37.80814362	36.79615475	36.28366852	38.39401627	37.84652117	36.97948074	28.55784798	19.37502732	13.50484562	28.55784798	22.93888913	16.96741295	0.648163	0.124156	0.039915	0.347546	0.239846	0.114042
pan_spaS_051	Male	365	430	108	Sand	38.05115128	36.94427399	36.28366852	38.38069153	37.44830152	36.33253479	37.80814362	36.79615475	36.28366852	38.39401627	37.84652117	36.97948074	28.55784798	19.37502732	13.50484562	28.55784798	22.93888913	16.96741295	0.648163	0.124156	0.039915	0.347546	0.239846	0.114042
pan_spaS_052	Male	470	540	108	Sand	38.05115128	36.94427399	36.28366852	38.38069153	37.44830152	36.33253479	37.80814362	36.79615475	36.28366852	38.39401627	37.84652117	36.97948074	28.55784798	19.37502732	13.50484562	28.55784798	22.93888913	16.96741295	0.648163	0.124156	0.039915	0.347546	0.239846	0.114042
